Wavelength [nm]	Intensity
180.2263	50.359985
180.5152	46.461907
180.8041	36.155257
181.093	36.442576
181.3819	33.73618
181.6708	59.111905
181.9597	41.367235
182.2486	31.433001
182.5375	32.568424
182.8264	37.666761
183.1153	30.886857
183.4041	25.662127
183.693	27.613044
183.9819	32.683303
184.2708	35.881965
184.5597	32.376751
184.8486	33.385725
185.1375	38.623164
185.4264	44.020322
185.7153	41.15107
186.0042	28.748973
186.2931	24.138661
186.582	31.974897
186.8709	39.966468
187.1598	23.208524
187.4487	27.090135
187.7376	33.810724
188.0265	32.2487
188.3153	31.537856
188.6042	26.983559
188.8931	27.726542
189.182	41.972403
189.4709	56.787088
189.7598	121.67946
190.0487	156.93089
190.3376	151.51142
190.6265	152.31313
190.9154	153.82611
191.2043	159.97337
191.4932	169.33065
191.7821	161.72128
192.071	160.69099
192.3599	157.34669
192.6488	152.47277
192.9376	152.97898
193.2265	160.39414
193.5154	153.0311
193.8043	152.54041
194.0932	164.00385
194.3821	160.16319
194.671	162.57243
194.9599	155.29729
195.2488	153.93209
195.5377	155.76963
195.8266	154.02745
196.1155	155.48842
196.4044	162.58629
196.6933	158.85313
196.9822	152.41816
197.2711	148.85514
197.5599	148.89839
197.8488	154.71071
198.1377	156.59359
198.4266	152.64615
198.7155	148.86652
199.0044	144.79837
199.2933	153.90576
199.5822	147.91943
199.8711	152.31701
200.16	147.5666
200.4489	161.44846
200.7378	159.25305
201.0267	155.35004
201.3156	149.91296
201.6045	152.0573
201.8934	144.96586
202.1822	151.85563
202.4711	154.20486
202.76	156.75461
203.0489	160.89227
203.3378	160.65731
203.6267	162.18993
203.9156	160.70688
204.2045	157.38857
204.4934	158.64435
204.7823	164.04424
205.0712	170.35559
205.3601	171.07474
205.649	165.36075
205.9379	163.50827
206.2268	159.61971
206.5157	151.93667
206.8045	163.26469
207.0934	168.08007
207.3823	158.08676
207.6712	149.76097
207.9601	152.53093
208.249	149.6145
208.5379	152.25202
208.8268	151.47851
209.1157	158.16609
209.4046	144.27793
209.6935	147.82073
209.9824	154.91577
210.2713	145.90401
210.5602	145.83141
210.8491	146.51152
211.138	148.1149
211.4268	151.9299
211.7157	150.29887
212.0046	147.41233
212.2935	149.16379
212.5824	148.19647
212.8713	142.83159
213.1602	143.33958
213.4491	145.54795
213.738	139.14988
214.0269	141.59904
214.3158	143.78859
214.6047	152.26182
214.8936	164.68776
215.1825	151.32456
215.4714	141.81301
215.7603	136.70116
216.0491	153.18526
216.338	164.21292
216.6269	147.63487
216.9158	148.75257
217.2047	147.71534
217.4936	143.46517
217.7825	143.98398
218.0714	142.20947
218.3603	149.09082
218.6492	143.44296
218.9381	139.55888
219.227	144.63312
219.5159	140.00906
219.8048	137.87472
220.0937	140.80039
220.3826	149.9246
220.6714	154.47326
220.9603	140.61594
221.2492	144.96879
221.5381	147.22811
221.827	138.9987
222.1159	141.7539
222.4048	137.3837
222.6937	144.41259
222.9826	134.42844
223.2715	139.76051
223.5604	144.43727
223.8493	146.20737
224.1382	143.73295
224.4271	143.73108
224.716	152.19827
225.0049	147.19267
225.2937	146.65926
225.5826	145.52908
225.8715	143.03828
226.1604	139.51799
226.4493	142.27026
226.7382	146.1875
227.0271	145.45882
227.316	153.28685
227.6049	149.8228
227.8938	149.1304
228.1827	157.43553
228.4716	140.09325
228.7605	147.64441
229.0494	135.00021
229.3383	140.6899
229.6272	146.91829
229.916	156.05424
230.2049	147.28928
230.4938	152.35795
230.7827	146.81941
231.0716	148.40885
231.3605	156.43261
231.6494	150.36287
231.9383	140.48762
232.2272	148.11474
232.5161	147.56908
232.805	138.49415
233.0939	139.74249
233.3828	149.5183
233.6717	152.51785
233.9606	150.83548
234.2495	154.56546
234.5383	156.90301
234.8272	155.97862
235.1161	156.94648
235.405	150.85025
235.6939	158.03608
235.9828	155.96746
236.2717	158.44736
236.5606	145.4223
236.8495	156.79391
237.1384	172.12717
237.4273	168.2441
237.7162	169.88624
238.0051	175.18179
238.294	163.69849
238.5829	175.34709
238.8718	170.23662
239.1606	167.0962
239.4495	164.44892
239.7384	163.32766
240.0273	159.15811
240.3162	163.90655
240.6051	158.37671
240.894	145.15895
241.1829	142.42443
241.4718	144.23819
241.7607	144.33301
242.0496	140.44288
242.3385	142.63945
242.6274	152.24896
242.9163	132.82573
243.2052	140.33094
243.4941	138.77261
243.7829	146.82894
244.0718	140.35939
244.3607	126.35284
244.6496	137.28619
244.9385	118.78282
245.2274	126.9822
245.5163	121.51886
245.8052	123.70954
246.0941	125.44641
246.383	131.44199
246.6719	130.96119
246.9608	133.54202
247.2497	124.69069
247.5386	124.11157
247.8275	128.24429
248.1164	133.86297
248.4052	147.09245
248.6941	140.65526
248.983	123.31469
249.2719	121.65329
249.5608	122.47881
249.8497	128.45731
250.1386	122.63608
250.4275	125.7711
250.7164	128.62175
251.0053	127.05321
251.2942	128.1064
251.5831	125.95279
251.872	129.66662
252.1609	125.35259
252.4498	130.0091
252.7387	132.70154
253.0275	124.32515
253.3164	133.94774
253.6053	140.64638
253.8942	136.63361
254.1831	133.37261
254.472	129.14954
254.7609	130.1051
255.0498	134.8094
255.3387	139.40043
255.6276	149.5392
255.9165	142.90908
256.2054	135.7089
256.4943	143.41885
256.7832	146.79853
257.0721	145.63105
257.361	139.08868
257.6498	137.47924
257.9387	141.13604
258.2276	137.58741
258.5165	133.00688
258.8054	118.18737
259.0943	120.91273
259.3832	128.61902
259.6721	126.79575
259.961	134.42859
260.2499	133.42431
260.5388	129.78324
260.8277	133.69762
261.1166	124.83732
261.4055	118.42309
261.6944	114.58719
261.9833	123.33013
262.2721	123.3827
262.561	125.4975
262.8499	118.52209
263.1388	127.52336
263.4277	135.34659
263.7166	130.14647
264.0055	126.8475
264.2944	126.80958
264.5833	122.57007
264.8722	122.05232
265.1611	134.44663
265.45	132.04131
265.7389	127.39095
266.0278	128.13315
266.3167	132.61164
266.6056	130.54907
266.8944	131.53706
267.1833	136.87991
267.4722	132.35275
267.7611	132.05422
268.05	130.42628
268.3389	135.14979
268.6278	123.81309
268.9167	130.26147
269.2056	127.8976
269.4945	115.38899
269.7834	113.83892
270.0723	118.09447
270.3612	121.81515
270.6501	121.86789
270.939	115.651
271.2279	113.24041
271.5168	111.73398
271.8056	111.5893
272.0945	110.59232
272.3834	105.89645
272.6723	107.02155
272.9612	110.39429
273.2501	112.38711
273.539	106.61437
273.8279	109.72981
274.1168	105.80428
274.4057	105.90061
274.6946	109.15219
274.9835	106.80534
275.2724	101.90879
275.5613	93.188164
275.8502	101.3635
276.1391	102.39311
276.4279	100.63
276.7168	105.80704
277.0057	102.3234
277.2946	105.07434
277.5835	109.37814
277.8724	101.98756
278.1613	100.44049
278.4502	107.77905
278.7391	104.68285
279.028	105.39789
279.3169	103.58801
279.6058	100.59384
279.8947	103.56218
280.1836	104.72649
280.4725	106.1683
280.7614	105.80716
281.0502	103.69747
281.3391	103.4346
281.628	100.17016
281.9169	106.35416
282.2058	113.27285
282.4947	113.9744
282.7836	106.10793
283.0725	110.30524
283.3614	104.74317
283.6503	117.045
283.9392	104.95046
284.2281	105.7714
284.517	110.30042
284.8059	107.2966
285.0948	106.03128
285.3837	129.7756
285.6725	108.92614
285.9614	98.514306
286.2503	95.54955
286.5392	102.98095
286.8281	110.75354
287.117	104.46765
287.4059	102.36878
287.6948	106.40226
287.9837	108.74525
288.2726	114.27053
288.5615	119.36696
288.8504	122.54705
289.1393	124.10188
289.4282	124.17649
289.7171	130.46916
290.006	131.46792
290.2948	123.81294
290.5837	122.0213
290.8726	124.04824
291.1615	130.37594
291.4504	127.19086
291.7393	127.61536
292.0282	125.24436
292.3171	122.41046
292.606	125.85431
292.8949	126.06855
293.1838	123.49936
293.4727	126.88726
293.7616	121.4696
294.0505	117.44534
294.3394	112.34259
294.6283	118.25274
294.9171	122.66138
295.206	121.43277
295.4949	116.52574
295.7838	111.46403
296.0727	113.54411
296.3616	118.24241
296.6505	120.6824
296.9394	122.12534
297.2283	120.28422
297.5172	116.73937
297.8061	108.38306
298.095	114.44603
298.3839	107.46682
298.6728	113.67377
298.9617	118.30887
299.2506	117.15413
299.5394	103.63
299.8283	103.74749
300.1172	116.98146
300.4061	116.00649
300.695	112.5918
300.9839	116.23183
301.2728	112.18715
301.5617	110.8698
301.8506	113.92507
302.1395	114.05648
302.4284	123.23087
302.7173	123.68542
303.0062	109.29774
303.2951	112.92333
303.584	118.59431
303.8729	122.17834
304.1617	122.03243
304.4506	117.88734
304.7395	118.70072
305.0284	119.12753
305.3173	126.63504
305.6062	136.90376
305.8951	133.43276
306.184	133.06
306.4729	136.02059
306.7618	146.98084
307.0507	145.04698
307.3396	130.98593
307.6285	134.79764
307.9174	136.2856
308.2063	119.82213
308.4952	114.77066
308.784	113.36036
309.0729	109.93404
309.3618	110.00013
309.6507	114.7728
309.9396	114.51344
310.2285	105.46159
310.5174	101.28132
310.8063	101.78772
311.0952	109.31918
311.3841	112.88079
311.673	102.18316
311.9619	107.62445
312.2508	108.23579
312.5397	102.27572
312.8286	96.328644
313.1175	92.307741
313.4063	104.78579
313.6952	107.95407
313.9841	96.592709
314.273	95.49521
314.5619	102.90597
314.8508	107.99462
315.1397	98.854704
315.4286	98.136533
315.7175	92.631048
316.0064	98.5067
316.2953	95.085498
316.5842	94.915962
316.8731	96.935682
317.162	87.210026
317.4509	101.75585
317.7398	94.033726
318.0286	103.53515
318.3175	100.71254
318.6064	89.816018
318.8953	97.058494
319.1842	97.477382
319.4731	105.54194
319.762	101.69351
320.0509	96.630893
320.3398	96.82542
320.6287	96.974627
320.9176	100.22083
321.2065	99.178928
321.4954	99.079618
321.7843	100.66337
322.0732	98.90855
322.3621	97.106032
322.6509	90.751916
322.9398	96.741552
323.2287	91.402477
323.5176	103.45271
323.8065	95.376796
324.0954	95.533182
324.3843	95.807511
324.6732	97.323518
324.9621	95.850849
325.251	109.4009
325.5399	107.05091
325.8288	96.663681
326.1177	97.245389
326.4066	87.841364
326.6955	94.067205
326.9844	95.793448
327.2732	93.643122
327.5621	97.884054
327.851	99.616414
328.1399	97.176609
328.4288	95.162761
328.7177	97.040677
329.0066	99.569236
329.2955	95.383279
329.5844	94.773039
329.8733	96.764718
330.1622	94.961361
330.4511	94.390108
330.74	92.503122
331.0289	96.73207
331.3178	111.1305
331.6067	109.00122
331.8955	100.0312
332.1844	98.536151
332.4733	104.13323
332.7622	101.58342
333.0511	110.27343
333.34	103.17762
333.6289	112.09135
333.9178	106.68634
334.2067	98.20548
334.4956	97.354007
334.7845	111.9605
335.0734	101.05792
335.3623	134.68187
335.6512	112.02507
335.9401	99.688955
336.229	98.581402
336.5178	100.97512
336.8067	103.70919
337.0956	106.70549
337.3845	102.22744
337.6734	103.44702
337.9623	109.80645
338.2512	110.58719
338.5401	105.50006
338.829	108.68976
339.1179	126.58015
339.4068	123.79741
339.6957	101.70576
339.9846	102.61219
340.2735	107.45127
340.5624	104.89148
340.8513	102.15601
341.1401	101.33756
341.429	108.29451
341.7179	110.62135
342.0068	118.5367
342.2957	112.24062
342.5846	103.84452
342.8735	102.35252
343.1624	104.48604
343.4513	107.48787
343.7402	100.96427
344.0291	95.931445
344.318	92.876057
344.6069	83.906
344.8958	81.225932
345.1847	92.496202
345.4736	94.123707
345.7624	83.82004
346.0513	83.583711
346.3402	81.065608
346.6291	78.183464
346.918	88.967304
347.2069	93.984764
347.4958	86.581206
347.7847	85.225208
348.0736	106.10301
348.3625	119.67801
348.6514	110.433
348.9403	106.32231
349.2292	108.58557
349.5181	114.71214
349.807	123.61685
350.0959	126.58488
350.3847	118.37741
350.6736	109.76618
350.9625	121.71149
351.2514	109.26812
351.5403	112.04615
351.8292	102.8635
352.1181	111.98885
352.407	108.81269
352.6959	119.55922
352.9848	128.89466
353.2737	133.20069
353.5626	148.43562
353.8515	152.95717
354.1404	164.52202
354.4293	189.99492
354.7182	180.76115
355.0071	190.66407
355.2959	198.23438
355.5848	194.84031
355.8737	186.24371
356.1626	175.17854
356.4515	166.63113
356.7404	156.98855
357.0293	139.5602
357.3182	138.64545
357.6071	146.80994
357.896	147.57284
358.1849	148.44547
358.4738	144.03826
358.7627	140.23362
359.0516	134.50405
359.3405	133.04403
359.6294	131.9585
359.9182	128.49515
360.2071	129.93426
360.496	132.81658
360.7849	127.74257
361.0738	138.35586
361.3627	135.07319
361.6516	139.36089
361.9405	129.59221
362.2294	124.53991
362.5183	134.6109
362.8072	136.70466
363.0961	135.53154
363.385	142.53314
363.6739	139.96577
363.9628	138.81618
364.2517	147.63173
364.5405	153.74606
364.8294	155.18698
365.1183	152.85466
365.4072	158.03464
365.6961	163.87174
365.985	168.70185
366.2739	176.19905
366.5628	179.18466
366.8517	181.2721
367.1406	189.84366
367.4295	193.23348
367.7184	191.07119
368.0073	200.52675
368.2962	212.82721
368.5851	214.89519
368.874	219.14726
369.1628	221.99504
369.4517	226.20928
369.7406	237.29594
370.0295	243.74826
370.3184	257.27066
370.6073	265.0253
370.8962	267.48382
371.1851	275.88791
371.474	275.9796
371.7629	302.79519
372.0518	302.58338
372.3407	321.34219
372.6296	333.31101
372.9185	344.77882
373.2074	362.73935
373.4963	372.63699
373.7851	384.53739
374.074	410.49542
374.3629	430.42889
374.6518	435.25806
374.9407	451.62594
375.2296	466.17086
375.5185	488.42655
375.8074	507.75134
376.0963	527.0925
376.3852	551.63828
376.6741	569.9195
376.963	590.28527
377.2519	614.4566
377.5408	639.5455
377.8297	669.86701
378.1186	696.14083
378.4074	722.52303
378.6963	746.29463
378.9852	781.22666
379.2741	800.32194
379.563	832.99361
379.8519	871.1559
380.1408	908.23811
380.4297	935.91596
380.7186	973.22393
381.0075	1010.4936
381.2964	1030.637
381.5853	1058.8275
381.8742	1103.3677
382.1631	1142.9998
382.452	1183.796
382.7409	1220.4764
383.0297	1276.5616
383.3186	1317.7784
383.6075	1361.4432
383.8964	1409.0305
384.1853	1466.3236
384.4742	1517.2827
384.7631	1575.0905
385.052	1622.53
385.3409	1671.5688
385.6298	1728.4729
385.9187	1769.8719
386.2076	1813.1369
386.4965	1860.8915
386.7854	1909.1561
387.0743	1964.2801
387.3632	2016.187
387.652	2071.4395
387.9409	2131.2491
388.2298	2177.9629
388.5187	2231.6116
388.8076	2296.0612
389.0965	2350.3044
389.3854	2419.4433
389.6743	2455.8745
389.9632	2530.381
390.2521	2586.4775
390.541	2659.6918
390.8299	2716.6223
391.1188	2782.8786
391.4077	2841.8395
391.6966	2904.4469
391.9855	2984.1327
392.2743	3038.0217
392.5632	3101.5175
392.8521	3150.5407
393.141	3218.1015
393.4299	3301.4546
393.7188	3379.6014
394.0077	3444.3563
394.2966	3501.9298
394.5855	3585.2165
394.8744	3663.3989
395.1633	3738.9926
395.4522	3805.6546
395.7411	3889.6286
396.03	3967.3061
396.3189	4046.1265
396.6078	4125.2454
396.8966	4217.3966
397.1855	4303.9844
397.4744	4377.2685
397.7633	4448.3048
398.0522	4522.8469
398.3411	4599.5949
398.63	4650.4992
398.9189	4721.6784
399.2078	4761.0501
399.4967	4826.1509
399.7856	4874.2033
400.0745	4925.1897
400.3634	4964.4873
400.6523	5007.1667
400.9412	5026.6313
401.2301	5069.5419
401.5189	5100.8507
401.8078	5176.2751
402.0967	5196.5937
402.3856	5291.0154
402.6745	5348.0772
402.9634	5422.8105
403.2523	5459.3492
403.5412	5515.0524
403.8301	5573.7546
404.119	5680.9132
404.4079	5703.0655
404.6968	5770.7353
404.9857	5801.5966
405.2746	5837.1047
405.5635	5849.6509
405.8524	5898.0524
406.1412	5911.3882
406.4301	5972.4447
406.719	6002.864
407.0079	6040.9624
407.2968	6109.9844
407.5857	6172.1634
407.8746	6218.6343
408.1635	6265.9913
408.4524	6326.1159
408.7413	6381.1757
409.0302	6425.2449
409.3191	6453.7594
409.608	6522.8039
409.8969	6576.4882
410.1858	6592.1055
410.4747	6617.559
410.7635	6691.6818
411.0524	6700.8477
411.3413	6749.0185
411.6302	6761.4096
411.9191	6809.2865
412.208	6844.7241
412.4969	6941.9703
412.7858	6896.6023
413.0747	6975.4702
413.3636	6975.5773
413.6525	7044.3151
413.9414	7048.3314
414.2303	7097.3869
414.5192	7123.219
414.8081	7114.321
415.097	7143.284
415.3858	7205.6165
415.6747	7202.8658
415.9636	7258.5922
416.2525	7281.1309
416.5414	7314.0087
416.8303	7325.1613
417.1192	7351.4086
417.4081	7360.9798
417.697	7374.5095
417.9859	7378.4638
418.2748	7351.7758
418.5637	7299.538
418.8526	7292.7879
419.1415	7294.8141
419.4304	7272.3248
419.7193	7290.9928
420.0081	7317.7528
420.297	7353.5363
420.5859	7388.5626
420.8748	7464.958
421.1637	7524.9388
421.4526	7566.9947
421.7415	7605.0316
422.0304	7657.8711
422.3193	7693.3398
422.6082	7730.6461
422.8971	7702.2359
423.186	7761.7988
423.4749	7758.7372
423.7638	7759.3203
424.0527	7734.6147
424.3416	7776.6591
424.6304	7798.0227
424.9193	7830.5409
425.2082	7835.5447
425.4971	7884.1457
425.786	7855.3403
426.0749	7886.6149
426.3638	7897.0752
426.6527	7906.886
426.9416	7900.7909
427.2305	7920.3431
427.5194	7950.4168
427.8083	7981.2365
428.0972	7937.444
428.3861	7950.7213
428.675	7974.4773
428.9639	7988.4703
429.2527	7991.1832
429.5416	8017.6565
429.8305	8046.6386
430.1194	8051.9926
430.4083	8052.3406
430.6972	8094.7375
430.9861	8127.9774
431.275	8105.48
431.5639	8115.4751
431.8528	8135.3965
432.1417	8190.0696
432.4306	8184.4928
432.7195	8216.8874
433.0084	8243.7537
433.2973	8247.9921
433.5862	8287.525
433.875	8316.185
434.1639	8333.0903
434.4528	8375.4773
434.7417	8383.821
435.0306	8446.4295
435.3195	8451.2313
435.6084	8454.0521
435.8973	8390.4611
436.1862	8384.3266
436.4751	8351.107
436.764	8304.6156
437.0529	8294.592
437.3418	8315.9085
437.6307	8333.2145
437.9196	8407.2885
438.2085	8450.4855
438.4974	8521.2767
438.7862	8575.1253
439.0751	8684.9291
439.364	8744.8464
439.6529	8851.7978
439.9418	8887.1184
440.2307	8927.9697
440.5196	8964.7308
440.8085	9010.2358
441.0974	9028.9543
441.3863	9077.9534
441.6752	9127.6649
441.9641	9141.2207
442.253	9173.442
442.5419	9231.008
442.8308	9280.4216
443.1197	9310.4094
443.4085	9354.2468
443.6974	9388.7999
443.9863	9405.4293
444.2752	9398.0744
444.5641	9434.7088
444.853	9467.7588
445.1419	9527.774
445.4308	9608.227
445.7197	9687.8235
446.0086	9729.9233
446.2975	9842.5383
446.5864	9916.8413
446.8753	9940.0762
447.1642	10032.936
447.4531	10107.418
447.742	10153.63
448.0308	10208.003
448.3197	10282.899
448.6086	10386.64
448.8975	10437.988
449.1864	10446.444
449.4753	10515.457
449.7642	10606.379
450.0531	10669.898
450.342	10737.599
450.6309	10777.662
450.9198	10869.041
451.2087	10902.997
451.4976	11009.215
451.7865	11062.362
452.0754	11174.934
452.3643	11230.056
452.6531	11288.408
452.942	11368.097
453.2309	11434.99
453.5198	11521.148
453.8087	11649.79
454.0976	11721.297
454.3865	11782.525
454.6754	11881.695
454.9643	11954.406
455.2532	12055.086
455.5421	12177.119
455.831	12261.995
456.1199	12349.331
456.4088	12453.771
456.6977	12538.635
456.9866	12651.943
457.2754	12739.04
457.5643	12823.857
457.8532	12886.861
458.1421	12918.588
458.431	12901.457
458.7199	12961.478
459.0088	12902.571
459.2977	12921.259
459.5866	12935.035
459.8755	13058.315
460.1644	13166.364
460.4533	13290.165
460.7422	13348.662
461.0311	13625.753
461.32	13712.577
461.6089	13947.72
461.8977	14073.418
462.1866	14207.019
462.4755	14309.32
462.7644	14416.697
463.0533	14514.693
463.3422	14557.61
463.6311	14716.213
463.92	14877.21
464.2089	14939.39
464.4978	15023.859
464.7867	15091.357
465.0756	15196.878
465.3645	15271.949
465.6534	15385.295
465.9423	15450.295
466.2312	15574.085
466.52	15729.093
466.8089	15839.669
467.0978	15949.885
467.3867	16064.176
467.6756	16125.395
467.9645	16174.057
468.2534	16232.286
468.5423	16292.98
468.8312	16362.667
469.1201	16369.744
469.409	16451.938
469.6979	16475.078
469.9868	16621.123
470.2757	16758.53
470.5646	16945.692
470.8535	17087.369
471.1423	17223.322
471.4312	17352.874
471.7201	17572.951
472.009	17565.39
472.2979	17776.866
472.5868	17882.669
472.8757	17946.041
473.1646	17969.571
473.4535	18126.66
473.7424	18203.81
474.0313	18432.832
474.3202	18522.548
474.6091	18639.411
474.898	18775.934
475.1869	18845.427
475.4758	18959.036
475.7646	19145.985
476.0535	19167.48
476.3424	19441.174
476.6313	19380.105
476.9202	19537.727
477.2091	19567.861
477.498	19729.094
477.7869	19764.094
478.0758	19733.886
478.3647	19693.874
478.6536	19790.135
478.9425	19867.249
479.2314	19924.486
479.5203	20013.908
479.8092	20174.28
480.0981	20272.843
480.3869	20429.838
480.6758	20636.72
480.9647	20791.069
481.2536	20944.328
481.5425	21140.804
481.8314	21379.999
482.1203	21462.906
482.4092	21464.462
482.6981	21622.635
482.987	21767.664
483.2759	21908.685
483.5648	22058.095
483.8537	22130.3
484.1426	22259.084
484.4315	22352.415
484.7204	22509.355
485.0092	22598.815
485.2981	22747.604
485.587	22850.75
485.8759	22983.922
486.1648	22882.473
486.4537	22963.046
486.7426	23016.821
487.0315	23046.483
487.3204	22927.053
487.6093	23092.044
487.8982	23044.152
488.1871	23070.83
488.476	23080.086
488.7649	23126.249
489.0538	23148.737
489.3427	23264.974
489.6315	23150.616
489.9204	23175.334
490.2093	23197.815
490.4982	23282.057
490.7871	23354.476
491.076	23385.447
491.3649	23378.227
491.6538	23495.887
491.9427	23483.384
492.2316	23529.446
492.5205	23602.45
492.8094	23618.534
493.0983	23568.078
493.3872	23603.726
493.6761	23599.704
493.965	23603.203
494.2538	23596.826
494.5427	23552.866
494.8316	23503.767
495.1205	23568.561
495.4094	23541.88
495.6983	23431.189
495.9872	23430.866
496.2761	23443.375
496.565	23449.309
496.8539	23484.221
497.1428	23559.805
497.4317	23630.052
497.7206	23741.534
498.0095	23720.804
498.2984	23720.923
498.5873	23752.807
498.8761	23901.963
499.165	23918.473
499.4539	24009.858
499.7428	23984.179
500.0317	24074.992
500.3206	24010.906
500.6095	24003.901
500.8984	23995.509
501.1873	23965.499
501.4762	23774.835
501.7651	23749.673
502.054	23771.129
502.3429	23906.874
502.6318	23756.839
502.9207	23881.976
503.2096	23794.238
503.4984	23918.904
503.7873	23824.732
504.0762	23993.036
504.3651	23836.622
504.654	23881.765
504.9429	23945.826
505.2318	24073.368
505.5207	23974.428
505.8096	24040.946
506.0985	23935.851
506.3874	24021.445
506.6763	24006.918
506.9652	23993.229
507.2541	24032.938
507.543	24009.786
507.8319	23975.429
508.1207	23999.306
508.4096	23928.692
508.6985	24014.116
508.9874	23961.101
509.2763	23979.57
509.5652	23963.516
509.8541	23971.9
510.143	23999.537
510.4319	23984.422
510.7208	23965.11
511.0097	23947.1
511.2986	23948.896
511.5875	23986.414
511.8764	23951.315
512.1653	23912.809
512.4542	23974.004
512.743	23988.758
513.0319	23986.064
513.3208	23934.096
513.6097	24005.828
513.8986	23946.94
514.1875	23974.158
514.4764	23942.373
514.7653	23877.881
515.0542	23975.352
515.3431	23949.805
515.632	23752.551
515.9209	23781.933
516.2098	23818.457
516.4987	23826.752
516.7876	23763.755
517.0765	23779.647
517.3653	23594.899
517.6542	23643.92
517.9431	23538.489
518.232	23655.6
518.5209	23497.283
518.8098	23653.301
519.0987	23550.939
519.3876	23709.29
519.6765	23729.921
519.9654	23812.292
520.2543	24035.139
520.5432	24184.94
520.8321	24219.467
521.121	24405.47
521.4099	24415.467
521.6988	24536.081
521.9877	24612.593
522.2765	24723.698
522.5654	24689.288
522.8543	24729.616
523.1432	24740.626
523.4321	24761.933
523.721	24834.351
524.0099	24844.24
524.2988	24849.829
524.5877	24963.476
524.8766	25025.828
525.1655	25062.917
525.4544	25103.041
525.7433	25132.254
526.0322	25112.67
526.3211	25235.809
526.61	25298.498
526.8988	25348.503
527.1877	25360.469
527.4766	25367.142
527.7655	25465.324
528.0544	25568.16
528.3433	25602.444
528.6322	25673.886
528.9211	25739.083
529.21	25743.097
529.4989	25814.756
529.7878	25873.546
530.0767	25933.888
530.3656	25947.847
530.6545	26042.366
530.9434	26078.079
531.2323	26131.012
531.5211	26127.74
531.81	26242.913
532.0989	26323.737
532.3878	26371.435
532.6767	26407.609
532.9656	26482.734
533.2545	26629.09
533.5434	26724.958
533.8323	26724.622
534.1212	26816.765
534.4101	26810.046
534.699	26945.843
534.9879	26927.611
535.2768	27099.013
535.5657	27090.291
535.8546	27224.867
536.1434	27161.886
536.4323	27314.63
536.7212	27353.692
537.0101	27516.116
537.299	27398.944
537.5879	27407.152
537.8768	27570.965
538.1657	27652.98
538.4546	27672.095
538.7435	27808.615
539.0324	27908.013
539.3213	28031.87
539.6102	28130.189
539.8991	28237.347
540.188	28356.176
540.4769	28599.25
540.7657	28492.638
541.0546	28667.273
541.3435	28759.391
541.6324	28849.588
541.9213	28962.421
542.2102	29059.236
542.4991	29096.434
542.788	29143.907
543.0769	29171.705
543.3658	29200.421
543.6547	29323.959
543.9436	29395.666
544.2325	29388.643
544.5214	29586.305
544.8103	29793.98
545.0992	29861.946
545.388	30005.658
545.6769	30270.667
545.9658	30416.601
546.2547	30553.073
546.5436	30723.359
546.8325	30863.988
547.1214	31102.13
547.4103	31342.687
547.6992	31459.841
547.9881	31569.224
548.277	31735.231
548.5659	31889.473
548.8548	32040.07
549.1437	32257.138
549.4326	32455.668
549.7215	32559.101
550.0103	32723.387
550.2992	32848.944
550.5881	33051.388
550.877	33177.378
551.1659	33425.914
551.4548	33512.199
551.7437	33843.137
552.0326	34054.481
552.3215	34393.669
552.6104	34450.481
552.8993	34693.161
553.1882	34795.853
553.4771	35093.038
553.766	35283.991
554.0549	35528.87
554.3438	35620.11
554.6326	36011.0
554.9215	36025.682
555.2104	36177.842
555.4993	36489.713
555.7882	36630.245
556.0771	36713.642
556.366	36973.167
556.6549	37003.28
556.9438	37263.727
557.2327	37454.172
557.5216	37646.377
557.8105	37784.27
558.0994	37927.032
558.3883	38069.449
558.6772	38486.738
558.9661	38621.156
559.2549	38660.013
559.5438	38793.058
559.8327	38993.873
560.1216	39009.85
560.4105	39163.192
560.6994	39305.248
560.9883	39461.215
561.2772	39465.818
561.5661	39669.304
561.855	39883.061
562.1439	40115.446
562.4328	40280.087
562.7217	40514.796
563.0106	40706.996
563.2995	41082.896
563.5884	41065.937
563.8772	41305.286
564.1661	41324.593
564.455	41486.581
564.7439	41615.005
565.0328	41756.152
565.3217	41799.504
565.6106	42017.231
565.8995	42111.589
566.1884	42243.507
566.4773	42371.974
566.7662	42656.714
567.0551	42813.338
567.344	43008.4
567.6329	43184.514
567.9218	43319.143
568.2107	43579.263
568.4995	43765.225
568.7884	43933.743
569.0773	44230.871
569.3662	44455.564
569.6551	44667.886
569.944	44914.247
570.2329	45023.617
570.5218	45275.793
570.8107	45573.653
571.0996	45841.582
571.3885	45983.088
571.6774	46265.493
571.9663	46482.462
572.2552	46626.308
572.5441	46803.124
572.833	47062.688
573.1218	47295.83
573.4107	47420.524
573.6996	47216.976
573.9885	47118.043
574.2774	47193.554
574.5663	47104.852
574.8552	47015.141
575.1441	47078.758
575.433	46858.445
575.7219	46996.033
576.0108	46924.842
576.2997	46929.914
576.5886	46717.212
576.8775	46944.913
577.1664	46938.827
577.4553	47103.809
577.7441	47036.524
578.033	47120.403
578.3219	47206.451
578.6108	47319.605
578.8997	47278.251
579.1886	47393.922
579.4775	47451.31
579.7664	47397.47
580.0553	47446.17
580.3442	47727.3
580.6331	47514.27
580.922	47932.825
581.2109	48112.526
581.4998	48320.733
581.7887	48342.883
582.0776	48503.893
582.3664	48446.506
582.6553	48657.831
582.9442	48602.837
583.2331	48863.306
583.522	49046.051
583.8109	49421.58
584.0998	49527.811
584.3887	49665.008
584.6776	49755.647
584.9665	49866.384
585.2554	49864.695
585.5443	49972.71
585.8332	50097.26
586.1221	50437.1
586.411	50474.209
586.6999	50674.967
586.9887	50730.832
587.2776	50975.792
587.5665	51019.558
587.8554	51268.403
588.1443	51142.204
588.4332	51268.529
588.7221	51382.028
589.011	51520.449
589.2999	51577.802
589.5888	51770.79
589.8777	51916.375
590.1666	51884.865
590.4555	51936.815
590.7444	52100.429
591.0333	52034.644
591.3222	52070.231
591.611	52178.824
591.8999	52261.377
592.1888	52282.739
592.4777	52315.524
592.7666	52428.842
593.0555	52577.227
593.3444	52668.625
593.6333	52778.285
593.9222	52716.685
594.2111	52711.955
594.5	52859.067
594.7889	52867.604
595.0778	52914.069
595.3667	52979.037
595.6556	52987.355
595.9445	53037.584
596.2333	53102.016
596.5222	53184.566
596.8111	53140.409
597.1	52996.329
597.3889	52983.749
597.6778	53132.693
597.9667	53314.987
598.2556	53315.079
598.5445	53387.848
598.8334	53250.088
599.1223	53224.595
599.4112	53270.799
599.7001	53439.161
599.989	53472.265
600.2779	53445.117
600.5668	53370.329
600.8556	53456.326
601.1445	53492.767
601.4334	53459.25
601.7223	53420.821
602.0112	53386.632
602.3001	53234.807
602.589	53363.951
602.8779	53381.292
603.1668	53494.7
603.4557	53292.451
603.7446	53453.014
604.0335	53388.068
604.3224	53400.488
604.6113	53471.033
604.9002	53433.537
605.1891	53264.41
605.478	53233.319
605.7668	53281.937
606.0557	53417.424
606.3446	53221.125
606.6335	53253.448
606.9224	53053.552
607.2113	53094.865
607.5002	52915.316
607.7891	52805.217
608.078	52853.096
608.3669	52736.258
608.6558	52608.653
608.9447	52783.321
609.2336	52596.598
609.5225	52403.884
609.8114	52337.029
610.1003	52146.273
610.3891	52045.54
610.678	51856.595
610.9669	51406.447
611.2558	51577.929
611.5447	51166.132
611.8336	50835.772
612.1225	50347.453
612.4114	50135.165
612.7003	49643.326
612.9892	49640.76
613.2781	49083.939
613.567	48744.527
613.8559	48370.219
614.1448	48151.18
614.4337	47651.292
614.7226	47462.272
615.0114	46932.763
615.3003	46655.298
615.5892	46196.076
615.8781	46037.198
616.167	45741.85
616.4559	45627.228
616.7448	45371.648
617.0337	45250.798
617.3226	45203.342
617.6115	45179.866
617.9004	45010.677
618.1893	44906.452
618.4782	44737.975
618.7671	44695.525
619.056	44439.594
619.3449	44250.109
619.6337	43937.205
619.9226	43670.518
620.2115	43316.166
620.5004	43035.774
620.7893	42571.75
621.0782	42477.503
621.3671	42591.133
621.656	43226.624
621.9449	44187.05
622.2338	45285.677
622.5227	46257.988
622.8116	46847.158
623.1005	47114.605
623.3894	47211.679
623.6783	47118.295
623.9672	47252.206
624.256	47447.639
624.5449	47851.725
624.8338	48166.109
625.1227	48247.482
625.4116	48292.002
625.7005	48510.594
625.9894	48716.25
626.2783	48765.483
626.5672	48871.287
626.8561	49034.457
627.145	49165.235
627.4339	49250.908
627.7228	49363.019
628.0117	49487.345
628.3006	49370.099
628.5895	49516.449
628.8783	49839.683
629.1672	49948.715
629.4561	49970.713
629.745	50050.732
630.0339	50054.962
630.3228	50108.497
630.6117	50185.46
630.9006	50488.969
631.1895	50641.008
631.4784	50577.789
631.7673	50572.161
632.0562	50695.468
632.3451	50824.089
632.634	50901.467
632.9229	50945.368
633.2118	50945.502
633.5006	50984.563
633.7895	51088.776
634.0784	51139.993
634.3673	51227.865
634.6562	51494.067
634.9451	51503.574
635.234	51490.32
635.5229	51617.004
635.8118	51836.88
636.1007	51822.095
636.3896	51852.343
636.6785	51877.953
636.9674	51969.244
637.2563	51880.353
637.5452	51884.323
637.8341	51921.484
638.1229	52067.98
638.4118	51992.168
638.7007	51965.253
638.9896	51993.543
639.2785	52136.448
639.5674	52108.093
639.8563	52228.755
640.1452	52134.819
640.4341	52032.905
640.723	52008.082
641.0119	52126.372
641.3008	51912.934
641.5897	51865.611
641.8786	51875.111
642.1675	51836.34
642.4564	51726.895
642.7452	51598.554
643.0341	51559.997
643.323	51637.799
643.6119	51404.111
643.9008	51425.039
644.1897	51413.082
644.4786	51340.478
644.7675	51199.988
645.0564	51175.143
645.3453	51279.66
645.6342	51186.255
645.9231	51087.255
646.212	50921.003
646.5009	50940.894
646.7898	50989.385
647.0787	50579.23
647.3675	50664.209
647.6564	50457.545
647.9453	50478.701
648.2342	50400.172
648.5231	50188.292
648.812	50132.618
649.1009	50085.964
649.3898	49952.142
649.6787	50062.083
649.9676	49845.41
650.2565	49819.032
650.5454	49700.815
650.8343	49598.764
651.1232	49492.421
651.4121	49397.421
651.701	49196.332
651.9898	49300.875
652.2787	49031.985
652.5676	48889.809
652.8565	49016.969
653.1454	48902.87
653.4343	48888.354
653.7232	48744.312
654.0121	48664.165
654.301	48534.729
654.5899	48393.955
654.8788	48178.73
655.1677	48197.594
655.4566	48237.968
655.7455	47959.259
656.0344	47932.842
656.3233	47829.888
656.6121	47986.555
656.901	47681.128
657.1899	47637.214
657.4788	47380.376
657.7677	47391.815
658.0566	47157.364
658.3455	47173.858
658.6344	47216.332
658.9233	47232.694
659.2122	47199.357
659.5011	46913.253
659.79	47011.631
660.0789	46877.472
660.3678	47079.621
660.6567	47115.535
660.9456	47022.475
661.2344	47059.252
661.5233	46927.722
661.8122	47137.741
662.1011	47017.756
662.39	47120.097
662.6789	46915.261
662.9678	47128.036
663.2567	46891.39
663.5456	47082.509
663.8345	46963.266
664.1234	46847.678
664.4123	46753.591
664.7012	46788.575
664.9901	46608.944
665.279	46656.208
665.5679	46405.732
665.8567	46528.355
666.1456	46380.204
666.4345	46552.68
666.7234	46347.11
667.0123	46262.023
667.3012	46179.149
667.5901	46233.707
667.879	46194.613
668.1679	46146.455
668.4568	45958.681
668.7457	45954.263
669.0346	45932.417
669.3235	46051.895
669.6124	45757.127
669.9013	45742.784
670.1902	45793.129
670.479	45948.061
670.7679	45754.059
671.0568	45724.804
671.3457	45765.155
671.6346	45726.051
671.9235	45859.45
672.2124	45853.354
672.5013	45544.516
672.7902	45907.059
673.0791	45626.617
673.368	45967.984
673.6569	45871.917
673.9458	45915.2
674.2347	45956.365
674.5236	45819.692
674.8125	45802.35
675.1013	45974.497
675.3902	45781.113
675.6791	46045.402
675.968	45669.688
676.2569	45815.957
676.5458	45602.107
676.8347	45929.344
677.1236	45770.365
677.4125	45734.215
677.7014	45605.278
677.9903	45489.578
678.2792	45754.477
678.5681	45683.037
678.857	45621.335
679.1459	45551.353
679.4348	45478.243
679.7236	45444.209
680.0125	45262.383
680.3014	45547.008
680.5903	45279.287
680.8792	45491.795
681.1681	45320.547
681.457	45296.106
681.7459	45269.09
682.0348	45511.575
682.3237	45321.166
682.6126	45290.342
682.9015	45255.593
683.1904	45342.601
683.4793	45402.545
683.7682	45289.294
684.0571	45280.767
684.3459	45444.317
684.6348	45379.874
684.9237	45284.07
685.2126	45340.67
685.5015	45462.568
685.7904	45326.796
686.0793	45430.025
686.3682	45201.083
686.6571	45434.093
686.946	45325.137
687.2349	45339.538
687.5238	45373.921
687.8127	45464.055
688.1016	45291.384
688.3905	45315.209
688.6794	45231.852
688.9683	45386.887
689.2571	45045.507
689.546	45320.774
689.8349	45409.055
690.1238	45350.744
690.4127	45251.711
690.7016	45410.074
690.9905	45400.067
691.2794	45436.906
691.5683	45375.763
691.8572	45425.089
692.1461	45364.5
692.435	45643.295
692.7239	45548.092
693.0128	45504.463
693.3017	45358.849
693.5906	45159.459
693.8794	44817.478
694.1683	44504.055
694.4572	44187.623
694.7461	43980.237
695.035	43901.478
695.3239	43773.622
695.6128	43527.076
695.9017	43288.94
696.1906	43128.586
696.4795	42786.357
696.7684	42656.421
697.0573	42390.026
697.3462	42165.404
697.6351	42035.167
697.924	41699.976
698.2129	41769.57
698.5017	41559.645
698.7906	41399.062
699.0795	41113.036
699.3684	40935.499
699.6573	40834.556
699.9462	40610.027
700.2351	40442.565
700.524	40289.411
700.8129	40230.023
701.1018	40059.818
701.3907	39887.691
701.6796	39881.808
701.9685	39527.26
702.2574	39643.519
702.5463	39405.051
702.8352	39347.789
703.124	38962.091
703.4129	38944.181
703.7018	38620.315
703.9907	38593.493
704.2796	38303.897
704.5685	38237.333
704.8574	38043.635
705.1463	37819.364
705.4352	37735.8
705.7241	37543.047
706.013	37119.918
706.3019	37120.656
706.5908	36892.042
706.8797	36793.359
707.1686	36523.275
707.4575	36468.688
707.7463	36214.104
708.0352	36052.525
708.3241	35728.429
708.613	35649.226
708.9019	35407.814
709.1908	35331.827
709.4797	35110.755
709.7686	34981.412
710.0575	34535.931
710.3464	34516.586
710.6353	34395.256
710.9242	34199.87
711.2131	34002.814
711.502	33748.608
711.7909	33474.659
712.0798	33369.503
712.3686	33172.602
712.6575	33003.007
712.9464	32710.627
713.2353	32581.352
713.5242	32440.753
713.8131	32258.613
714.102	32011.327
714.3909	31873.873
714.6798	31593.834
714.9687	31447.483
715.2576	31244.948
715.5465	31104.062
715.8354	30906.004
716.1243	30778.834
716.4132	30461.286
716.7021	30285.427
716.9909	30032.619
717.2798	29977.019
717.5687	29799.719
717.8576	29602.625
718.1465	29311.778
718.4354	29105.314
718.7243	28961.868
719.0132	28730.829
719.3021	28502.882
719.591	28432.469
719.8799	28284.026
720.1688	28235.057
720.4577	28009.594
720.7466	27873.435
721.0355	27815.119
721.3244	27601.692
721.6132	27427.07
721.9021	27333.702
722.191	26915.158
722.4799	26709.28
722.7688	26348.623
723.0577	26104.627
723.3466	25894.338
723.6355	25568.28
723.9244	25280.311
724.2133	25116.809
724.5022	24874.237
724.7911	24590.534
725.08	24338.597
725.3689	24122.879
725.6578	23872.535
725.9467	23658.659
726.2355	23441.684
726.5244	23267.665
726.8133	23059.289
727.1022	22834.498
727.3911	22627.584
727.68	22431.202
727.9689	22237.041
728.2578	22113.275
728.5467	21925.713
728.8356	21680.333
729.1245	21470.063
729.4134	21308.61
729.7023	21101.329
729.9912	20900.99
730.2801	20713.456
730.569	20523.726
730.8578	20347.711
731.1467	20156.94
731.4356	19885.463
731.7245	19772.911
732.0134	19616.724
732.3023	19336.934
732.5912	19131.85
732.8801	18948.575
733.169	18737.634
733.4579	18580.476
733.7468	18413.613
734.0357	18226.193
734.3246	18106.196
734.6135	17941.556
734.9024	17780.239
735.1913	17658.637
735.4801	17503.419
735.769	17297.64
736.0579	17085.541
736.3468	16917.861
736.6357	16762.943
736.9246	16587.831
737.2135	16425.009
737.5024	16262.502
737.7913	16089.057
738.0802	15912.34
738.3691	15771.17
738.658	15566.416
738.9469	15383.713
739.2358	15189.102
739.5247	15047.811
739.8136	14923.858
740.1024	14776.763
740.3913	14579.338
740.6802	14433.826
740.9691	14283.621
741.258	14171.501
741.5469	14000.618
741.8358	13869.959
742.1247	13665.537
742.4136	13535.876
742.7025	13423.345
742.9914	13272.95
743.2803	13141.174
743.5692	12972.054
743.8581	12826.681
744.147	12688.563
744.4359	12531.532
744.7247	12405.152
745.0136	12276.935
745.3025	12169.829
745.5914	12002.078
745.8803	11853.947
746.1692	11726.075
746.4581	11589.816
746.747	11508.307
747.0359	11393.282
747.3248	11217.969
747.6137	11103.977
747.9026	10996.302
748.1915	10899.679
748.4804	10757.897
748.7693	10644.146
749.0582	10590.485
749.347	10438.436
749.6359	10290.139
749.9248	10237.787
750.2137	10121.04
750.5026	10009.537
750.7915	9940.8085
751.0804	9823.506
751.3693	9730.878
751.6582	9661.0057
751.9471	9534.253
752.236	9441.4841
752.5249	9351.4866
752.8138	9276.1831
753.1027	9197.3538
753.3916	9166.8289
753.6805	9069.5464
753.9693	9009.9877
754.2582	8906.2978
754.5471	8835.5125
754.836	8751.6775
755.1249	8691.9378
755.4138	8624.2451
755.7027	8603.6431
755.9916	8534.1435
756.2805	8476.6702
756.5694	8419.5691
756.8583	8404.7283
757.1472	8296.1188
757.4361	8293.2204
757.725	8233.6147
758.0139	8234.7984
758.3028	8215.8031
758.5916	8213.5739
758.8805	8143.3967
759.1694	8131.2829
759.4583	8138.6953
759.7472	8142.7418
760.0361	8078.5493
760.325	8108.8056
760.6139	8086.9163
760.9028	8107.1867
761.1917	8094.6705
761.4806	8081.9163
761.7695	8112.2156
762.0584	8161.6019
762.3473	8167.8657
762.6362	8163.1518
762.9251	8172.3409
763.2139	8201.0209
763.5028	8216.6424
763.7917	8231.1596
764.0806	8246.214
764.3695	8271.2297
764.6584	8314.0635
764.9473	8357.398
765.2362	8362.9805
765.5251	8413.3122
765.814	8463.3541
766.1029	8496.5346
766.3918	8533.0824
766.6807	8577.1985
766.9696	8657.2931
767.2585	8722.8721
767.5474	8733.1472
767.8362	8791.4692
768.1251	8865.2446
768.414	8898.1548
768.7029	8951.8455
768.9918	9046.7508
769.2807	9112.4496
769.5696	9158.3442
769.8585	9219.1434
770.1474	9288.6875
770.4363	9348.1316
770.7252	9415.9975
771.0141	9512.2013
771.303	9568.1176
771.5919	9636.3338
771.8808	9690.7691
772.1697	9770.0432
772.4585	9831.1557
772.7474	9941.0166
773.0363	10021.686
773.3252	10081.237
773.6141	10109.755
773.903	10239.87
774.1919	10316.662
774.4808	10368.291
774.7697	10416.012
775.0586	10546.985
775.3475	10650.777
775.6364	10744.481
775.9253	10823.953
776.2142	10897.768
776.5031	10953.426
776.792	11076.783
777.0809	11102.785
777.3697	11133.222
777.6586	11262.554
777.9475	11327.881
778.2364	11412.486
778.5253	11472.368
778.8142	11582.835
779.1031	11669.471
779.392	11680.041
779.6809	11805.06
779.9698	11865.796
780.2587	11992.934
780.5476	11987.003
780.8365	12050.477
781.1254	12106.043
781.4143	12240.908
781.7032	12332.257
781.992	12367.909
782.2809	12367.57
782.5698	12521.113
782.8587	12578.965
783.1476	12622.898
783.4365	12685.811
783.7254	12741.442
784.0143	12801.673
784.3032	12894.889
784.5921	12923.003
784.881	12977.617
785.1699	13019.871
785.4588	13100.253
785.7477	13119.578
786.0366	13195.461
786.3255	13253.366
786.6143	13316.166
786.9032	13355.963
787.1921	13455.803
787.481	13466.384
787.7699	13564.394
788.0588	13566.005
788.3477	13628.08
788.6366	13700.171
788.9255	13791.724
789.2144	13830.735
789.5033	13890.324
789.7922	13944.276
790.0811	13974.446
790.37	13974.694
790.6589	13934.79
790.9478	13913.251
791.2366	13947.029
791.5255	13939.638
791.8144	13931.73
792.1033	13939.612
792.3922	13974.398
792.6811	13993.689
792.97	13933.25
793.2589	13913.603
793.5478	13935.848
793.8367	13957.418
794.1256	13942.9
794.4145	13980.789
794.7034	14018.921
794.9923	13926.787
795.2812	13888.206
795.5701	13938.02
795.8589	13950.271
796.1478	13982.03
796.4367	13953.587
796.7256	13918.672
797.0145	13916.932
797.3034	13917.378
797.5923	13884.945
797.8812	13924.72
798.1701	13899.583
798.459	13855.364
798.7479	13853.19
799.0368	13840.616
799.3257	13843.119
799.6146	13783.08
799.9035	13767.026
800.1924	13798.951
800.4812	13732.372
800.7701	13745.645
801.059	13738.574
801.3479	13754.639
801.6368	13679.601
801.9257	13739.224
802.2146	13671.86
802.5035	13718.621
802.7924	13657.014
803.0813	13685.911
803.3702	13687.188
803.6591	13671.961
803.948	13591.786
804.2369	13631.578
804.5258	13508.617
804.8147	13508.045
805.1035	13443.003
805.3924	13349.255
805.6813	13302.878
805.9702	13275.658
806.2591	13224.28
806.548	13174.11
806.8369	13107.174
807.1258	13053.489
807.4147	13007.684
807.7036	12909.492
807.9925	12849.227
808.2814	12783.783
808.5703	12659.302
808.8592	12628.483
809.1481	12580.291
809.437	12616.609
809.7258	12548.538
810.0147	12533.729
810.3036	12505.153
810.5925	12463.616
810.8814	12429.48
811.1703	12395.145
811.4592	12343.48
811.7481	12336.726
812.037	12318.211
812.3259	12298.733
812.6148	12200.299
812.9037	12134.079
813.1926	12118.303
813.4815	12093.405
813.7704	12018.124
814.0593	11959.496
814.3481	11917.091
814.637	11845.222
814.9259	11747.894
815.2148	11656.008
815.5037	11631.857
815.7926	11565.751
816.0815	11444.859
816.3704	11363.553
816.6593	11303.085
816.9482	11233.763
817.2371	11139.941
817.526	11094.878
817.8149	11023.62
818.1038	10961.865
818.3927	10950.124
818.6816	10852.367
818.9704	10773.237
819.2593	10685.311
819.5482	10631.826
819.8371	10586.376
820.126	10495.028
820.4149	10410.561
820.7038	10407.595
820.9927	10257.509
821.2816	10271.658
821.5705	10158.025
821.8594	10142.594
822.1483	10003.039
822.4372	9984.9007
822.7261	9924.9284
823.015	9830.8641
823.3039	9754.136
823.5927	9672.072
823.8816	9602.587
824.1705	9547.7823
824.4594	9468.6197
824.7483	9422.0463
825.0372	9306.2385
825.3261	9262.9187
825.615	9213.7606
825.9039	9119.0732
826.1928	9044.6889
826.4817	9016.7709
826.7706	8965.2407
827.0595	8874.7355
827.3484	8819.71
827.6373	8747.8136
827.9262	8665.9442
828.215	8636.5456
828.5039	8552.0686
828.7928	8488.3735
829.0817	8445.7107
829.3706	8382.4344
829.6595	8313.7653
829.9484	8271.0529
830.2373	8206.0382
830.5262	8160.5251
830.8151	8096.5765
831.104	8008.4342
831.3929	7934.9287
831.6818	7850.4127
831.9707	7801.9756
832.2596	7740.2563
832.5485	7694.1478
832.8373	7615.7182
833.1262	7563.6102
833.4151	7523.3021
833.704	7446.1342
833.9929	7376.734
834.2818	7317.3891
834.5707	7242.7422
834.8596	7185.2198
835.1485	7090.3992
835.4374	7050.6851
835.7263	7007.6094
836.0152	6942.6881
836.3041	6893.4589
836.593	6819.379
836.8819	6817.1229
837.1708	6743.7488
837.4596	6660.2018
837.7485	6617.2318
838.0374	6567.9214
838.3263	6497.31
838.6152	6423.712
838.9041	6340.4405
839.193	6252.4608
839.4819	6224.1371
839.7708	6142.0899
840.0597	6016.6477
840.3486	5960.4186
840.6375	5909.1933
840.9264	5848.8834
841.2153	5768.7978
841.5042	5729.5684
841.7931	5648.5895
842.0819	5579.9999
842.3708	5531.2319
842.6597	5463.9495
842.9486	5415.2178
843.2375	5341.4304
843.5264	5288.5149
843.8153	5225.028
844.1042	5154.6661
844.3931	5093.3788
844.682	5053.0446
844.9709	4991.4085
845.2598	4922.6681
845.5487	4879.5345
845.8376	4821.2096
846.1265	4753.9558
846.4154	4715.0213
846.7042	4659.3594
846.9931	4583.4792
847.282	4514.5532
847.5709	4459.6568
847.8598	4409.888
848.1487	4350.4621
848.4376	4307.4955
848.7265	4256.5008
849.0154	4230.2357
849.3043	4188.9758
849.5932	4119.7596
849.8821	4054.398
850.171	3972.5487
850.4599	3946.9967
850.7488	3887.6513
851.0377	3834.2093
851.3265	3783.6628
851.6154	3737.3682
851.9043	3685.2778
852.1932	3613.2853
852.4821	3574.1662
852.771	3525.0039
853.0599	3482.9062
853.3488	3435.3773
853.6377	3409.4937
853.9266	3338.3029
854.2155	3304.089
854.5044	3261.6271
854.7933	3220.9998
855.0822	3168.7898
855.3711	3113.126
855.66	3083.7898
855.9488	3041.0864
856.2377	3005.4465
856.5266	2967.4974
856.8155	2905.5468
857.1044	2869.0089
857.3933	2826.5142
857.6822	2790.6607
857.9711	2749.9779
858.26	2705.082
858.5489	2670.81
858.8378	2635.5278
859.1267	2598.7115
859.4156	2563.0156
859.7045	2519.7986
859.9934	2469.356
860.2823	2439.2428
860.5712	2410.8309
860.86	2375.5507
861.1489	2328.2925
861.4378	2316.7327
861.7267	2268.9801
862.0156	2235.0161
862.3045	2191.3761
862.5934	2164.3017
862.8823	2122.1111
863.1712	2104.0714
863.4601	2100.0314
863.749	2037.9194
864.0379	2010.4032
864.3268	1977.0625
864.6157	1946.2471
864.9046	1920.3377
865.1935	1878.1542
865.4823	1880.6285
865.7712	1848.6018
866.0601	1839.8836
866.349	1809.8383
866.6379	1775.5161
866.9268	1760.4073
867.2157	1728.7984
867.5046	1704.3682
867.7935	1679.5662
868.0824	1659.4069
868.3713	1634.8638
868.6602	1607.3681
868.9491	1588.7593
869.238	1552.7451
869.5269	1539.1559
869.8158	1511.2638
870.1046	1489.6561
870.3935	1476.3582
870.6824	1454.3912
870.9713	1440.7641
871.2602	1427.6218
871.5491	1413.0405
871.838	1398.6597
872.1269	1369.0258
872.4158	1356.4901
872.7047	1347.6179
872.9936	1330.6509
873.2825	1318.962
873.5714	1298.2952
873.8603	1301.0629
874.1492	1290.9965
874.4381	1283.9843
874.7269	1278.1691
875.0158	1277.9193
875.3047	1284.8494
875.5936	1269.9041
875.8825	1261.6699
876.1714	1263.779
876.4603	1258.1747
876.7492	1258.7652
877.0381	1247.0719
877.327	1254.4009
877.6159	1222.7209
877.9048	1214.8631
878.1937	1211.308
878.4826	1213.2767
878.7715	1194.1224
879.0604	1191.2886
879.3492	1194.1851
879.6381	1184.2977
879.927	1183.4253
880.2159	1186.9515
880.5048	1181.8344
880.7937	1180.5648
881.0826	1186.8685
881.3715	1192.7182
881.6604	1191.3441
881.9493	1187.7459
882.2382	1189.199
882.5271	1196.5263
882.816	1199.1841
883.1049	1211.8921
883.3938	1213.4376
883.6827	1199.9409
883.9715	1204.908
884.2604	1228.7154
884.5493	1231.3302
884.8382	1229.8338
885.1271	1237.4945
885.416	1248.4853
885.7049	1248.881
885.9938	1258.8821
886.2827	1267.0543
886.5716	1263.4318
886.8605	1293.8489
887.1494	1287.1021
887.4383	1297.703
887.7272	1300.1451
888.0161	1331.4295
888.305	1317.0458
888.5938	1319.3249
888.8827	1326.335
889.1716	1356.6398
889.4605	1344.2157
889.7494	1357.3342
890.0383	1380.3693
890.3272	1384.7557
890.6161	1403.1507
890.905	1434.396
891.1939	1445.7035
891.4828	1452.8897
891.7717	1468.7951
892.0606	1495.7665
892.3495	1516.1383
892.6384	1528.5268
892.9273	1538.7247
893.2161	1555.8013
893.505	1576.3867
893.7939	1594.6537
894.0828	1623.4049
894.3717	1646.522
894.6606	1646.6143
894.9495	1656.3821
895.2384	1685.1364
895.5273	1683.1423
895.8162	1708.7922
896.1051	1723.4834
896.394	1771.3315
896.6829	1772.9524
896.9718	1793.5356
897.2607	1804.4081
897.5496	1830.4224
897.8384	1858.4235
898.1273	1866.5476
898.4162	1932.6897
898.7051	1911.0232
898.994	1943.7588
899.2829	1957.1449
899.5718	1986.1736
899.8607	2032.0912
900.1496	2030.5186
900.4385	2058.8921
900.7274	2083.3311
901.0163	2108.501
901.3052	2126.3545
901.5941	2155.8494
901.883	2193.3926
902.1719	2224.1225
902.4607	2231.6157
902.7496	2254.2517
903.0385	2290.23
903.3274	2298.7842
903.6163	2304.4294
903.9052	2328.6223
904.1941	2337.3793
904.483	2355.9811
904.7719	2370.6954
905.0608	2382.3374
905.3497	2404.4486
905.6386	2432.561
905.9275	2434.3812
906.2164	2451.7981
906.5053	2482.0688
906.7942	2493.1106
907.083	2530.9151
907.3719	2533.0599
907.6608	2557.8749
907.9497	2542.5498
908.2386	2584.7149
908.5275	2603.7926
908.8164	2608.9947
909.1053	2623.2807
909.3942	2634.3094
909.6831	2664.884
909.972	2670.1723
910.2609	2683.8237
910.5498	2670.584
910.8387	2685.3936
911.1276	2703.6465
911.4165	2720.0173
911.7053	2726.521
911.9942	2734.2036
912.2831	2745.2904
912.572	2748.5499
912.8609	2763.7491
913.1498	2771.9608
913.4387	2770.4694
913.7276	2777.7234
914.0165	2796.8229
914.3054	2785.3627
914.5943	2785.5996
914.8832	2803.0968
915.1721	2802.3726
915.461	2802.8776
915.7499	2823.6708
916.0388	2820.9047
916.3276	2822.3288
916.6165	2843.4763
916.9054	2830.5964
917.1943	2820.6639
917.4832	2840.655
917.7721	2842.0636
918.061	2836.701
918.3499	2861.3288
918.6388	2816.0186
918.9277	2842.7255
919.2166	2856.4568
919.5055	2839.9181
919.7944	2850.2824
920.0833	2863.6409
920.3722	2845.2072
920.6611	2850.7914
920.9499	2852.9676
921.2388	2850.2487
921.5277	2847.9278
921.8166	2854.6621
922.1055	2860.7704
922.3944	2861.6402
922.6833	2867.3517
922.9722	2857.7965
923.2611	2834.9179
923.55	2833.3108
923.8389	2828.9364
924.1278	2843.1047
924.4167	2847.7788
924.7056	2822.1359
924.9945	2829.083
925.2834	2833.433
925.5722	2831.2638
925.8611	2823.7909
926.15	2815.7511
926.4389	2821.995
926.7278	2814.4693
927.0167	2822.311
927.3056	2806.5365
927.5945	2804.069
927.8834	2807.1047
928.1723	2780.9649
928.4612	2791.2887
928.7501	2788.4256
929.039	2780.8325
929.3279	2763.0333
929.6168	2767.506
929.9057	2753.0752
930.1945	2756.4265
930.4834	2752.2686
930.7723	2763.779
931.0612	2751.5206
931.3501	2728.3381
931.639	2716.3561
931.9279	2710.5701
932.2168	2702.1062
932.5057	2690.8796
932.7946	2708.9034
933.0835	2693.5511
933.3724	2693.7874
933.6613	2695.474
933.9502	2686.1501
934.2391	2683.4352
934.528	2700.1484
934.8168	2681.6621
935.1057	2696.6167
935.3946	2675.0115
935.6835	2654.021
935.9724	2635.3102
936.2613	2646.354
936.5502	2610.0969
936.8391	2606.6805
937.128	2577.7366
937.4169	2573.0175
937.7058	2532.901
937.9947	2540.4178
938.2836	2522.1415
938.5725	2498.0233
938.8614	2500.5495
939.1503	2489.4208
939.4391	2485.1413
939.728	2473.2834
940.0169	2460.1334
940.3058	2424.3189
940.5947	2417.0468
940.8836	2419.9976
941.1725	2408.7064
941.4614	2393.4196
941.7503	2370.3001
942.0392	2377.5635
942.3281	2351.6375
942.617	2335.4194
942.9059	2336.0371
943.1948	2293.5434
943.4837	2301.3516
943.7726	2272.1439
944.0615	2263.2486
944.3503	2256.4742
944.6392	2226.9969
944.9281	2233.4814
945.217	2238.991
945.5059	2213.8996
945.7948	2201.5434
946.0837	2180.7626
946.3726	2172.8177
946.6615	2157.5104
946.9504	2147.3157
947.2393	2134.4484
947.5282	2138.4367
947.8171	2123.8015
948.106	2098.8848
948.3949	2080.1753
948.6838	2044.5951
948.9726	2029.0569
949.2615	2019.0663
949.5504	2016.1585
949.8393	2015.1839
950.1282	1995.0538
950.4171	1968.9001
950.706	1954.1058
950.9949	1932.3489
951.2838	1930.8215
951.5727	1906.0175
951.8616	1878.8408
952.1505	1874.5706
952.4394	1868.3659
952.7283	1831.7783
953.0172	1824.8867
953.3061	1818.8093
953.5949	1800.0306
953.8838	1785.9917
954.1727	1773.1207
954.4616	1761.3743
954.7505	1745.7554
955.0394	1730.4782
955.3283	1724.1262
955.6172	1711.4087
955.9061	1684.0017
956.195	1675.925
956.4839	1669.4147
956.7728	1652.6163
957.0617	1638.1907
957.3506	1621.9235
957.6395	1604.7989
957.9284	1593.071
958.2172	1578.6081
958.5061	1568.7051
958.795	1557.965
959.0839	1534.8445
959.3728	1493.7836
959.6617	1521.8809
959.9506	1485.5194
960.2395	1483.9094
960.5284	1480.2434
960.8173	1451.2845
961.1062	1440.6596
961.3951	1416.781
961.684	1395.0708
961.9729	1383.1411
962.2618	1360.3646
962.5507	1357.1372
962.8395	1341.5274
963.1284	1328.0927
963.4173	1319.5336
963.7062	1304.5313
963.9951	1282.7413
964.284	1276.7081
964.5729	1259.0003
964.8618	1250.3108
965.1507	1255.2338
965.4396	1232.1232
965.7285	1208.5555
966.0174	1201.8894
966.3063	1181.5357
966.5952	1169.3023
966.8841	1146.8805
967.173	1172.0857
967.4618	1143.2586
967.7507	1102.2545
968.0396	1116.6185
968.3285	1096.373
968.6174	1075.5498
968.9063	1086.8638
969.1952	1054.8353
969.4841	1055.1854
969.773	1048.6473
970.0619	1035.9141
970.3508	1033.3544
970.6397	1037.8585
970.9286	1028.2852
971.2175	1002.1786
971.5064	997.3744
971.7953	983.84046
972.0841	974.16191
972.373	969.48803
972.6619	955.89541
972.9508	938.67625
973.2397	922.12313
973.5286	914.26733
973.8175	899.16572
974.1064	881.23035
974.3953	870.29503
974.6842	865.97285
974.9731	831.46907
975.262	813.30615
975.5509	833.35357
975.8398	803.64775
976.1287	791.0469
976.4176	787.59741
976.7064	767.10472
976.9953	756.12622
977.2842	752.37479
977.5731	728.79422
977.862	719.32146
978.1509	712.5681
978.4398	703.73703
978.7287	690.34814
979.0176	675.86068
979.3065	664.04136
979.5954	650.19265
979.8843	651.97355
980.1732	646.29553
980.4621	627.6867
980.751	623.00125
981.0399	614.1973
981.3287	600.24391
981.6176	609.19159
981.9065	597.24433
982.1954	593.87356
982.4843	582.863
982.7732	579.41146
983.0621	559.43183
983.351	549.96751
983.6399	547.96928
983.9288	538.93534
984.2177	529.65124
984.5066	534.13909
984.7955	525.03061
985.0844	510.39582
985.3733	508.33588
985.6622	501.58512
985.951	499.07432
986.2399	478.94063
986.5288	475.31729
986.8177	469.70564
987.1066	468.75597
987.3955	448.4263
987.6844	446.52769
987.9733	448.54655
988.2622	436.77625
988.5511	429.66292
988.84	431.57773
989.1289	429.78674
989.4178	423.88947
989.7067	428.09745
989.9956	417.97603
990.2845	414.04975
990.5733	400.53657
990.8622	395.54531
991.1511	390.00389
991.44	399.15524
991.7289	391.01639
992.0178	386.57323
992.3067	390.91607
992.5956	377.7404
992.8845	370.49692
993.1734	372.86333
993.4623	368.52112
993.7512	362.22029
994.0401	359.92472
994.329	350.16405
994.6179	342.00381
994.9068	333.51971
995.1956	342.72648
995.4845	339.18232
995.7734	325.02829
996.0623	326.87645
996.3512	327.55089
996.6401	332.30228
996.929	310.61438
997.2179	308.10137
997.5068	308.23969
997.7957	307.09975
998.0846	299.68515
998.3735	301.12576
998.6624	308.05062
998.9513	308.70804
999.2402	300.91821
999.5291	296.98529
999.8179	297.15862
1000.1068	297.47319
1000.3957	297.50782
1000.6846	291.71977
1000.9735	281.7868
1001.2624	286.38462
1001.5513	277.27133
1001.8402	277.75396
1002.1291	275.08202
1002.418	263.87277
1002.7069	269.00101
1002.9958	260.94954
1003.2847	267.22162
1003.5736	258.91332
1003.8625	268.52522
1004.1514	265.76803
1004.4402	260.69384
1004.7291	267.40601
1005.018	267.31569
1005.3069	263.80305
1005.5958	267.80891
1005.8847	262.73131
1006.1736	263.19565
1006.4625	264.19049
1006.7514	280.9994
1007.0403	278.86706
1007.3292	261.91265
1007.6181	274.46685
1007.907	278.76427
1008.1959	276.32115
1008.4848	273.02161
1008.7737	288.4209
1009.0625	274.08074
1009.3514	284.92668
1009.6403	293.98578
1009.9292	292.98313
1010.2181	304.69255
1010.507	311.03694
1010.7959	306.14695
1011.0848	311.57825
1011.3737	314.71811
1011.6626	316.41035
1011.9515	332.09114
1012.2404	336.59094
1012.5293	340.83018
1012.8182	341.52405
1013.1071	342.65695
1013.396	352.10181
1013.6848	354.73569
1013.9737	370.13783
1014.2626	360.52751
1014.5515	371.89786
1014.8404	368.49495
1015.1293	379.64331
1015.4182	371.49962
1015.7071	376.93403
1015.996	370.80713
1016.2849	381.76116
1016.5738	380.8107
1016.8627	377.11565
1017.1516	389.26242
1017.4405	407.09272
1017.7294	406.7024
1018.0183	382.21587
1018.3071	383.68391
1018.596	386.06514
1018.8849	376.47902
1019.1738	369.2976
1019.4627	387.56445
1019.7516	381.20775
1020.0405	394.20843
1020.3294	399.055
1020.6183	393.41125
1020.9072	380.30979
1021.1961	400.58805
1021.485	394.40936
1021.7739	395.66153
1022.0628	399.35825
1022.3517	393.32929
1022.6406	412.27228
1022.9294	410.44364
1023.2183	407.56387
1023.5072	416.50254
1023.7961	405.67883
1024.085	403.08835
1024.3739	407.0741
1024.6628	413.3334
1024.9517	409.34596
1025.2406	415.70288
1025.5295	411.93612
1025.8184	424.64356
1026.1073	414.70758
1026.3962	421.49309
1026.6851	417.8637
1026.974	412.60991
1027.2629	426.61858
1027.5518	421.48963
1027.8406	427.10874
1028.1295	433.76787
1028.4184	429.2315
1028.7073	425.03389
1028.9962	418.6219
1029.2851	430.98613
1029.574	434.1661
1029.8629	443.29142
1030.1518	453.96492
1030.4407	450.96087
1030.7296	447.74714
1031.0185	457.35089
1031.3074	465.69832
1031.5963	469.37664
1031.8852	467.10758
1032.1741	471.36848
1032.4629	484.78086
1032.7518	482.87321
1033.0407	483.64533
1033.3296	486.31431
1033.6185	479.78625
1033.9074	483.9759
1034.1963	465.5988
1034.4852	462.75165
1034.7741	466.81161
1035.063	466.48998
1035.3519	461.13947
1035.6408	457.39215
1035.9297	452.60576
1036.2186	447.80016
1036.5075	439.19855
1036.7964	445.20208
1037.0852	445.02037
1037.3741	445.03734
1037.663	440.54701
1037.9519	442.54011
1038.2408	443.87125
1038.5297	426.70679
1038.8186	437.43498
1039.1075	430.38703
1039.3964	417.48693
1039.6853	432.70331
1039.9742	425.3588
1040.2631	421.96591
1040.552	429.79049
1040.8409	427.83691
1041.1298	430.33406
1041.4187	422.57788
1041.7075	424.79167
1041.9964	427.82308
1042.2853	419.60468
1042.5742	423.20493
1042.8631	409.40942
1043.152	416.44637
1043.4409	412.49992
1043.7298	412.86248
1044.0187	432.0494
1044.3076	407.32524
1044.5965	406.34746
1044.8854	408.8961
1045.1743	413.33887
1045.4632	423.45009
1045.7521	404.68566
1046.041	405.7373
1046.3298	410.89843
1046.6187	409.13791
1046.9076	402.48463
1047.1965	403.45103
1047.4854	410.49017
1047.7743	406.28938
1048.0632	405.63377
1048.3521	399.25021
1048.641	399.19182
1048.9299	397.9516
1049.2188	392.6928
1049.5077	396.5489
1049.7966	393.36977
1050.0855	389.46773
1050.3744	397.46028
1050.6633	382.99087
1050.9521	385.88348
1051.241	390.20692
1051.5299	401.6781
1051.8188	385.23809
1052.1077	384.67147
1052.3966	384.47265
1052.6855	379.26418
1052.9744	371.77034
1053.2633	376.43255
1053.5522	375.30725
1053.8411	379.61213
1054.13	368.55469
1054.4189	371.4242
1054.7078	364.20369
1054.9967	364.20132
1055.2856	357.86729
1055.5744	381.45063
1055.8633	371.69323
1056.1522	371.77684
1056.4411	372.3614
1056.73	371.30568
1057.0189	374.76891
1057.3078	374.45625
1057.5967	347.23089
1057.8856	343.89309
1058.1745	360.99692
1058.4634	354.90913
1058.7523	350.84428
1059.0412	347.83071
1059.3301	350.13531
1059.619	355.59636
1059.9079	345.47898
1060.1967	353.95623
1060.4856	331.76975
1060.7745	340.45025
1061.0634	342.64215
1061.3523	345.74537
1061.6412	339.40162
1061.9301	326.19523
1062.219	330.7402
1062.5079	329.95235
1062.7968	329.53364
1063.0857	321.52365
1063.3746	323.75368
1063.6635	322.2293
1063.9524	311.23339
1064.2413	316.51302
1064.5302	316.879
1064.819	316.19227
1065.1079	306.91516
1065.3968	309.96078
1065.6857	317.15599
1065.9746	297.94847
1066.2635	303.08735
1066.5524	298.24715
1066.8413	298.73419
1067.1302	297.46663
1067.4191	295.02776
1067.708	291.78177
1067.9969	291.94735
1068.2858	294.0488
1068.5747	294.31934
1068.8636	292.785
1069.1525	294.48857
1069.4413	290.30801
1069.7302	287.06649
1070.0191	315.3507
1070.308	286.97252
1070.5969	283.28709
1070.8858	281.44295
1071.1747	282.98116
1071.4636	285.47559
1071.7525	292.84524
1072.0414	280.17117
1072.3303	281.96878
1072.6192	272.40221
1072.9081	277.46149
1073.197	275.47371
1073.4859	270.99414
1073.7748	264.15922
1074.0636	269.36761
1074.3525	263.04269
1074.6414	263.65209
1074.9303	270.95867
1075.2192	265.03609
1075.5081	264.84005
1075.797	266.27107
1076.0859	251.42607
1076.3748	263.37539
1076.6637	263.00051
1076.9526	263.92248
1077.2415	254.04649
1077.5304	244.14714
1077.8193	246.39335
1078.1082	245.73034
1078.3971	253.26574
1078.6859	259.18101
1078.9748	256.00606
1079.2637	257.05727
1079.5526	248.0576
1079.8415	240.91847
1080.1304	239.80505
1080.4193	248.76737
1080.7082	239.20631
1080.9971	250.7034
1081.286	252.66688
1081.5749	247.25244
1081.8638	235.47161
1082.1527	234.32113
1082.4416	233.57148
1082.7305	233.60866
1083.0194	229.85768
1083.3082	229.43166
1083.5971	241.80516
1083.886	241.21069
1084.1749	233.75666
1084.4638	225.67207
1084.7527	228.89339
1085.0416	218.87581
1085.3305	214.1982
1085.6194	221.10426
1085.9083	225.19708
1086.1972	247.31238
1086.4861	213.59598
1086.775	217.4909
1087.0639	212.58815
1087.3528	207.26772
1087.6417	209.96687
1087.9305	215.14913
1088.2194	212.1195
1088.5083	216.09709
1088.7972	220.9733
1089.0861	203.96426
1089.375	210.61639
1089.6639	201.4305
1089.9528	208.34588
1090.2417	220.45364
1090.5306	203.16494
1090.8195	206.60061
1091.1084	208.00495
1091.3973	196.16612
1091.6862	211.79223
1091.9751	196.58886
1092.264	197.31302
1092.5528	200.53404
1092.8417	196.43104
1093.1306	204.98467
1093.4195	203.89752
1093.7084	192.16905
1093.9973	179.17477
1094.2862	193.51278
1094.5751	184.27437
1094.864	180.88403
1095.1529	191.40982
1095.4418	186.2215
1095.7307	175.0376
1096.0196	189.18483
1096.3085	169.91402
1096.5974	177.04371
1096.8863	170.0109
1097.1751	169.05582
1097.464	173.11099
1097.7529	181.6817
1098.0418	181.26013
1098.3307	168.58799
1098.6196	177.57859
1098.9085	171.68577
1099.1974	166.3871
1099.4863	173.01805
1099.7752	170.24875
1100.0641	165.53003
