Wavelength [nm]	intensity
165.3892	-14.52002
165.6764	-17.002648
165.9636	-18.884967
166.2507	-14.814379
166.5379	-14.58439
166.8251	-14.145544
167.1123	-12.392331
167.3995	-13.661888
167.6867	-12.614173
167.9739	-13.811143
168.2611	-18.102404
168.5483	-19.017739
168.8355	-19.125917
169.1227	-17.032079
169.4099	-13.106083
169.697	-15.196472
169.9842	-14.57756
170.2714	-15.130777
170.5586	-16.248107
170.8458	-10.506948
171.133	-13.197792
171.4202	-14.614433
171.7074	-10.369773
171.9946	-14.534694
172.2818	-15.426819
172.569	-13.024846
172.8561	-17.767327
173.1433	-14.700451
173.4305	-11.243668
173.7177	-13.741871
174.0049	-16.157714
174.2921	-12.529291
174.5793	-1.8422823
174.8665	30.697442
175.1537	58.825388
175.4409	61.755958
175.7281	62.924318
176.0153	66.370751
176.3024	64.829858
176.5896	64.164544
176.8768	59.184326
177.164	64.366025
177.4512	69.003139
177.7384	62.069419
178.0256	68.810435
178.3128	59.110155
178.6	65.570657
178.8872	64.577254
179.1744	65.342634
179.4615	65.313709
179.7487	63.202439
180.0359	61.444359
180.3231	60.745822
180.6103	58.897847
180.8975	62.929946
181.1847	65.323109
181.4719	66.372683
181.7591	68.765467
182.0463	67.210034
182.3335	63.921622
182.6206	65.917152
182.9078	70.016608
183.195	66.159225
183.4822	65.339948
183.7694	65.847459
184.0566	63.131436
184.3438	66.890211
184.631	71.607829
184.9182	65.058655
185.2054	69.392196
185.4926	61.892602
185.7798	68.883214
186.0669	62.174862
186.3541	60.494243
186.6413	59.225446
186.9285	69.77828
187.2157	70.694124
187.5029	67.919351
187.7901	66.709002
188.0773	66.100623
188.3645	63.951031
188.6517	62.603445
188.9389	65.14919
189.226	64.272499
189.5132	64.883487
189.8004	68.335488
190.0876	67.893815
190.3748	63.937169
190.662	65.666503
190.9492	65.286203
191.2364	70.353671
191.5236	63.667633
191.8108	65.694444
192.098	64.092541
192.3852	67.014147
192.6723	64.542731
192.9595	67.011086
193.2467	61.462643
193.5339	65.265066
193.8211	67.5668
194.1083	65.532595
194.3955	63.262302
194.6827	61.934892
194.9699	62.989529
195.2571	63.673515
195.5443	62.109803
195.8314	62.284832
196.1186	62.366316
196.4058	60.189302
196.693	60.199217
196.9802	54.473531
197.2674	56.622077
197.5546	53.922259
197.8418	61.393193
198.129	51.527446
198.4162	62.751196
198.7034	61.884419
198.9906	56.509076
199.2777	57.750053
199.5649	56.127216
199.8521	59.62187
200.1393	63.253075
200.4265	64.580645
200.7137	59.607943
201.0009	56.635239
201.2881	61.541556
201.5753	63.562542
201.8625	60.109725
202.1497	60.41869
202.4368	63.356195
202.724	66.293349
203.0112	68.639239
203.2984	64.356133
203.5856	65.206362
203.8728	62.193984
204.16	63.523176
204.4472	53.876861
204.7344	70.094197
205.0216	66.694828
205.3088	59.619916
205.5959	66.892016
205.8831	66.47934
206.1703	61.741413
206.4575	62.839276
206.7447	65.72113
207.0319	62.90772
207.3191	66.617696
207.6063	70.676274
207.8935	69.696154
208.1807	69.961816
208.4679	69.66555
208.7551	66.990568
209.0422	66.069845
209.3294	66.505697
209.6166	71.791134
209.9038	76.073724
210.191	67.533572
210.4782	69.260028
210.7654	71.543224
211.0526	70.414459
211.3398	76.559605
211.627	64.51973
211.9142	75.770934
212.2013	73.098301
212.4885	73.337752
212.7757	76.311471
213.0629	76.913843
213.3501	75.948884
213.6373	74.110307
213.9245	74.322926
214.2117	79.24478
214.4989	77.762292
214.7861	72.258483
215.0733	72.280031
215.3605	77.538809
215.6476	81.795046
215.9348	80.166419
216.222	76.433841
216.5092	74.329577
216.7964	76.854735
217.0836	80.328838
217.3708	78.369172
217.658	73.390602
217.9452	76.881078
218.2324	73.366317
218.5196	77.35275
218.8067	75.816383
219.0939	80.178139
219.3811	77.275784
219.6683	72.485477
219.9555	79.043656
220.2427	73.788105
220.5299	73.704726
220.8171	74.904335
221.1043	76.927274
221.3915	80.020562
221.6787	81.148576
221.9658	77.106083
222.253	75.752475
222.5402	79.996406
222.8274	80.110505
223.1146	78.97165
223.4018	75.47034
223.689	78.363353
223.9762	83.448227
224.2634	75.91314
224.5506	81.980022
224.8378	77.606983
225.125	74.777511
225.4121	68.229182
225.6993	71.117927
225.9865	76.841707
226.2737	78.807266
226.5609	83.376428
226.8481	82.548994
227.1353	80.914276
227.4225	83.82601
227.7097	79.3038
227.9969	78.952567
228.2841	84.903967
228.5712	82.22032
228.8584	78.698831
229.1456	77.404857
229.4328	76.101284
229.72	80.167694
230.0072	78.338428
230.2944	79.345408
230.5816	81.231415
230.8688	78.488655
231.156	81.565939
231.4432	83.295784
231.7304	87.216935
232.0175	72.249169
232.3047	77.716604
232.5919	79.297472
232.8791	77.022223
233.1663	76.433378
233.4535	85.41173
233.7407	82.445569
234.0279	81.811735
234.3151	83.044645
234.6023	84.39174
234.8895	81.260728
235.1766	73.423314
235.4638	82.508772
235.751	89.758693
236.0382	82.906354
236.3254	78.53993
236.6126	80.50898
236.8998	82.287443
237.187	76.283428
237.4742	83.496748
237.7614	79.105375
238.0486	83.827149
238.3357	83.94283
238.6229	78.739592
238.9101	83.994337
239.1973	88.905191
239.4845	83.847656
239.7717	78.279742
240.0589	73.989997
240.3461	84.30418
240.6333	81.213517
240.9205	84.335581
241.2077	77.888412
241.4949	77.675053
241.782	83.493139
242.0692	86.012088
242.3564	84.021411
242.6436	83.32119
242.9308	84.419929
243.218	84.504602
243.5052	83.244853
243.7924	82.117604
244.0796	83.124852
244.3668	83.37916
244.654	81.455751
244.9411	84.455217
245.2283	85.234748
245.5155	82.930051
245.8027	82.154392
246.0899	82.830895
246.3771	84.923334
246.6643	88.274309
246.9515	81.362746
247.2387	79.851696
247.5259	86.052553
247.8131	80.186424
248.1003	80.240563
248.3874	80.636151
248.6746	86.567924
248.9618	88.108203
249.249	82.074367
249.5362	79.590092
249.8234	85.38304
250.1106	86.960306
250.3978	84.509344
250.685	86.408198
250.9722	86.211598
251.2594	83.106273
251.5465	83.009192
251.8337	80.301149
252.1209	78.056414
252.4081	87.081443
252.6953	84.13486
252.9825	88.510711
253.2697	91.347081
253.5569	88.209476
253.8441	83.184926
254.1313	85.613814
254.4185	88.91908
254.7057	87.756067
254.9928	89.357144
255.28	89.580219
255.5672	82.602102
255.8544	82.493056
256.1416	87.006934
256.4288	88.950008
256.716	88.946219
257.0032	86.13464
257.2904	85.794752
257.5776	87.90438
257.8648	87.06991
258.1519	87.512815
258.4391	86.396252
258.7263	80.042775
259.0135	82.239417
259.3007	82.946926
259.5879	89.000609
259.8751	88.635785
260.1623	77.476467
260.4495	84.506837
260.7367	84.624147
261.0239	74.570216
261.311	85.922631
261.5982	85.934823
261.8854	85.474952
262.1726	84.971216
262.4598	80.082483
262.747	85.256128
263.0342	82.817146
263.3214	82.285734
263.6086	87.216008
263.8958	85.897371
264.183	80.593809
264.4702	83.067018
264.7573	84.674364
265.0445	82.171692
265.3317	83.586842
265.6189	84.02351
265.9061	81.327176
266.1933	78.974229
266.4805	76.274318
266.7677	80.282426
267.0549	76.907637
267.3421	91.838988
267.6293	84.142501
267.9164	87.407083
268.2036	80.964624
268.4908	80.830024
268.778	82.791885
269.0652	81.420187
269.3524	78.104473
269.6396	83.144813
269.9268	77.084781
270.214	77.508619
270.5012	74.232822
270.7884	81.907502
271.0756	82.26073
271.3627	82.34696
271.6499	85.02469
271.9371	82.90903
272.2243	82.448298
272.5115	82.545536
272.7987	82.06695
273.0859	88.479466
273.3731	87.840969
273.6603	74.542558
273.9475	73.012378
274.2347	76.631153
274.5218	81.053559
274.809	75.211165
275.0962	84.671492
275.3834	85.241699
275.6706	82.81279
275.9578	77.926881
276.245	80.082283
276.5322	70.26869
276.8194	82.382314
277.1066	68.834602
277.3938	80.988912
277.6809	77.877137
277.9681	78.118417
278.2553	82.743684
278.5425	81.592796
278.8297	81.629524
279.1169	85.375188
279.4041	82.414171
279.6913	78.121359
279.9785	76.87524
280.2657	80.421499
280.5529	83.102979
280.8401	78.934326
281.1272	78.19576
281.4144	77.973272
281.7016	80.260532
281.9888	80.651093
282.276	77.335202
282.5632	78.841957
282.8504	76.893533
283.1376	75.105473
283.4248	77.744234
283.712	71.287028
283.9992	78.903002
284.2863	78.161418
284.5735	77.715326
284.8607	75.948141
285.1479	78.503624
285.4351	74.900359
285.7223	76.010146
286.0095	77.573565
286.2967	81.433361
286.5839	82.027622
286.8711	81.310367
287.1583	79.982426
287.4455	74.383522
287.7326	75.691813
288.0198	79.644014
288.307	78.54141
288.5942	77.584657
288.8814	74.691739
289.1686	76.735166
289.4558	74.378417
289.743	81.477737
290.0302	84.069428
290.3174	78.153657
290.6046	76.523349
290.8917	79.657848
291.1789	83.574529
291.4661	82.264743
291.7533	75.646055
292.0405	72.363805
292.3277	75.46221
292.6149	71.254797
292.9021	72.120128
293.1893	69.066915
293.4765	74.675253
293.7637	75.490995
294.0509	73.025096
294.338	69.363236
294.6252	70.924027
294.9124	72.806783
295.1996	76.811942
295.4868	71.378515
295.774	67.623344
296.0612	73.93841
296.3484	76.767092
296.6356	77.457703
296.9228	71.124431
297.21	71.605302
297.4971	66.762401
297.7843	75.296704
298.0715	79.963208
298.3587	78.015837
298.6459	78.292875
298.9331	92.224681
299.2203	85.450351
299.5075	89.344997
299.7947	82.739009
300.0819	85.151498
300.3691	83.347531
300.6562	92.669087
300.9434	83.984521
301.2306	82.494274
301.5178	70.922642
301.805	78.04381
302.0922	86.604659
302.3794	90.993416
302.6666	89.933058
302.9538	85.899399
303.241	81.733037
303.5282	85.204685
303.8154	85.921409
304.1025	81.948318
304.3897	84.680022
304.6769	82.255362
304.9641	84.183942
305.2513	89.908716
305.5385	78.670468
305.8257	85.970584
306.1129	89.083975
306.4001	85.031585
306.6873	86.888499
306.9745	83.895818
307.2616	87.546767
307.5488	86.254259
307.836	90.61872
308.1232	82.948553
308.4104	87.761648
308.6976	88.040607
308.9848	87.171754
309.272	87.580851
309.5592	88.959622
309.8464	82.382015
310.1336	83.335414
310.4208	88.504215
310.7079	90.355965
310.9951	91.998931
311.2823	89.340333
311.5695	81.431341
311.8567	81.60213
312.1439	88.327563
312.4311	88.462493
312.7183	84.719355
313.0055	82.810422
313.2927	86.468061
313.5799	90.03467
313.867	83.297211
314.1542	90.072119
314.4414	87.381004
314.7286	83.991665
315.0158	81.32724
315.303	78.041928
315.5902	81.104004
315.8774	84.501462
316.1646	81.938056
316.4518	85.740525
316.739	85.267393
317.0261	82.922008
317.3133	89.155443
317.6005	87.700503
317.8877	81.829331
318.1749	79.266714
318.4621	81.547516
318.7493	77.791694
319.0365	78.20925
319.3237	85.240162
319.6109	83.151378
319.8981	80.351382
320.1853	81.22085
320.4724	79.767411
320.7596	83.666281
321.0468	84.642782
321.334	80.223823
321.6212	86.525613
321.9084	88.678137
322.1956	89.157116
322.4828	83.547086
322.77	88.119548
323.0572	83.419593
323.3444	86.038723
323.6315	83.375672
323.9187	81.383661
324.2059	75.347457
324.4931	90.872284
324.7803	88.405784
325.0675	87.656803
325.3547	83.892293
325.6419	84.342312
325.9291	79.685728
326.2163	80.595893
326.5035	80.45059
326.7907	81.394028
327.0778	84.017388
327.365	85.008194
327.6522	84.388576
327.9394	85.415031
328.2266	85.968304
328.5138	88.408995
328.801	92.236357
329.0882	88.402986
329.3754	83.526417
329.6626	83.68893
329.9498	81.32255
330.2369	85.739345
330.5241	82.712977
330.8113	77.113004
331.0985	80.563276
331.3857	83.040605
331.6729	83.60339
331.9601	82.256327
332.2473	90.812813
332.5345	85.080964
332.8217	78.658775
333.1089	82.854041
333.396	87.55762
333.6832	83.233374
333.9704	86.89997
334.2576	88.394845
334.5448	81.782525
334.832	83.596476
335.1192	85.083093
335.4064	89.095912
335.6936	89.974
335.9808	87.29137
336.268	85.587359
336.5552	88.548483
336.8423	87.028608
337.1295	82.429348
337.4167	83.092029
337.7039	83.858991
337.9911	81.528131
338.2783	81.958471
338.5655	89.913368
338.8527	88.141861
339.1399	85.748213
339.4271	87.664086
339.7143	83.954478
340.0014	85.612372
340.2886	82.758911
340.5758	85.222255
340.863	84.849176
341.1502	85.738967
341.4374	87.643375
341.7246	86.655326
342.0118	89.795273
342.299	84.855784
342.5862	85.294479
342.8734	89.055195
343.1606	84.962088
343.4477	84.025514
343.7349	85.41794
344.0221	83.460193
344.3093	86.346565
344.5965	88.70461
344.8837	87.539293
345.1709	81.999888
345.4581	77.152909
345.7453	78.688801
346.0325	83.794537
346.3197	83.388949
346.6068	79.807505
346.894	82.557777
347.1812	84.018406
347.4684	85.461803
347.7556	86.973745
348.0428	88.036821
348.33	85.761399
348.6172	83.013184
348.9044	75.321698
349.1916	84.358866
349.4788	88.250603
349.766	92.037628
350.0531	85.407713
350.3403	91.452871
350.6275	90.473856
350.9147	89.545921
351.2019	89.026191
351.4891	88.901702
351.7763	85.886607
352.0635	85.609073
352.3507	85.794243
352.6379	84.808644
352.9251	90.517043
353.2122	89.942799
353.4994	83.418278
353.7866	81.625115
354.0738	89.500192
354.361	91.903536
354.6482	91.173201
354.9354	90.193879
355.2226	87.817598
355.5098	91.136446
355.797	93.294139
356.0842	94.160161
356.3713	91.181913
356.6585	92.632798
356.9457	88.727651
357.2329	89.844962
357.5201	89.463895
357.8073	93.408824
358.0945	93.680321
358.3817	92.166784
358.6689	91.668913
358.9561	93.019294
359.2433	88.786623
359.5305	91.463426
359.8176	96.992442
360.1048	93.202532
360.392	92.477992
360.6792	99.563821
360.9664	91.935439
361.2536	99.108999
361.5408	99.357794
361.828	101.09692
362.1152	103.83423
362.4024	104.29545
362.6896	100.79553
362.9767	102.67895
363.2639	100.26946
363.5511	101.0636
363.8383	108.87199
364.1255	111.63828
364.4127	110.77798
364.6999	112.11901
364.9871	116.69603
365.2743	121.56888
365.5615	127.52838
365.8487	125.2673
366.1359	129.77241
366.423	134.3979
366.7102	133.2783
366.9974	129.66944
367.2846	139.93683
367.5718	143.29828
367.859	140.97546
368.1462	142.106
368.4334	154.89339
368.7206	164.58207
369.0078	165.30688
369.295	162.33232
369.5821	175.89522
369.8693	181.55719
370.1565	189.07847
370.4437	189.89983
370.7309	194.61715
371.0181	203.37503
371.3053	215.11607
371.5925	221.64747
371.8797	227.50949
372.1669	232.17073
372.4541	243.70389
372.7412	253.89226
373.0284	262.85347
373.3156	276.86576
373.6028	287.92385
373.89	299.25488
374.1772	309.22096
374.4644	318.37454
374.7516	337.65768
375.0388	344.9676
375.326	364.04608
375.6132	379.60672
375.9004	389.60935
376.1875	409.22612
376.4747	422.19296
376.7619	447.92281
377.0491	453.70686
377.3363	476.697
377.6235	489.5862
377.9107	507.52473
378.1979	527.85262
378.4851	546.52396
378.7723	565.61902
379.0595	585.89296
379.3466	599.03499
379.6338	629.61755
379.921	649.50053
380.2082	671.06552
380.4954	696.02286
380.7826	718.03768
381.0698	732.28145
381.357	756.59468
381.6442	780.68603
381.9314	807.87114
382.2186	831.17436
382.5058	856.11962
382.7929	880.41735
383.0801	901.32849
383.3673	927.33255
383.6545	949.87352
383.9417	969.57565
384.2289	994.04851
384.5161	1024.3797
384.8033	1053.1142
385.0905	1072.5177
385.3777	1096.1246
385.6649	1129.5915
385.952	1153.3517
386.2392	1194.874
386.5264	1203.4553
386.8136	1235.1614
387.1008	1263.42
387.388	1291.6522
387.6752	1322.2379
387.9624	1354.4207
388.2496	1387.8009
388.5368	1407.3761
388.824	1434.0602
389.1111	1472.3651
389.3983	1508.0389
389.6855	1528.1277
389.9727	1565.9877
390.2599	1595.5694
390.5471	1620.9869
390.8343	1658.4732
391.1215	1687.4668
391.4087	1717.1058
391.6959	1747.4609
391.9831	1779.5408
392.2703	1822.5876
392.5574	1854.0871
392.8446	1872.6926
393.1318	1904.4677
393.419	1945.4807
393.7062	1982.7288
393.9934	2020.1308
394.2806	2055.2736
394.5678	2078.1323
394.855	2113.8875
395.1422	2151.8036
395.4294	2171.3464
395.7165	2200.9956
396.0037	2240.3633
396.2909	2298.1608
396.5781	2331.633
396.8653	2362.9023
397.1525	2393.4676
397.4397	2434.5212
397.7269	2464.8048
398.0141	2499.4298
398.3013	2533.603
398.5885	2574.3646
398.8757	2620.2115
399.1628	2641.5125
399.45	2703.7236
399.7372	2723.6527
400.0244	2763.9087
400.3116	2811.2189
400.5988	2850.6064
400.886	2895.6021
401.1732	2943.1362
401.4604	2988.6599
401.7476	3024.9254
402.0348	3059.1547
402.3219	3091.2258
402.6091	3144.9102
402.8963	3198.2175
403.1835	3241.3601
403.4707	3292.1241
403.7579	3331.9838
404.0451	3377.6161
404.3323	3432.0145
404.6195	3481.4948
404.9067	3536.4912
405.1939	3582.3393
405.4811	3641.4081
405.7682	3693.4199
406.0554	3745.472
406.3426	3808.063
406.6298	3847.7139
406.917	3916.0795
407.2042	3920.4255
407.4914	4019.5734
407.7786	4088.6081
408.0658	4132.9717
408.353	4174.8548
408.6402	4241.4876
408.9273	4274.6224
409.2145	4354.2191
409.5017	4423.1471
409.7889	4476.0631
410.0761	4547.3768
410.3633	4598.779
410.6505	4666.7794
410.9377	4729.0539
411.2249	4764.2321
411.5121	4817.1713
411.7993	4896.1938
412.0864	4965.394
412.3736	5012.5761
412.6608	5062.4867
412.948	5133.6142
413.2352	5207.5144
413.5224	5285.641
413.8096	5355.089
414.0968	5406.3271
414.384	5471.8167
414.6712	5534.2546
414.9584	5576.7071
415.2456	5624.6441
415.5327	5690.8991
415.8199	5758.1217
416.1071	5813.2072
416.3943	5889.2752
416.6815	5914.1358
416.9687	5996.3065
417.2559	6047.8763
417.5431	6092.1466
417.8303	6173.6902
418.1175	6189.3273
418.4047	6303.2575
418.6918	6318.1436
418.979	6328.4242
419.2662	6418.1986
419.5534	6456.9422
419.8406	6546.8717
420.1278	6588.4888
420.415	6621.0288
420.7022	6682.2768
420.9894	6732.3394
421.2766	6773.1965
421.5638	6834.048
421.851	6867.3285
422.1381	6931.502
422.4253	6974.3805
422.7125	7043.5137
422.9997	7095.4008
423.2869	7146.8782
423.5741	7195.1745
423.8613	7223.0834
424.1485	7252.313
424.4357	7299.4648
424.7229	7359.147
425.0101	7402.346
425.2972	7437.7048
425.5844	7488.2643
425.8716	7536.4578
426.1588	7594.6456
426.446	7642.1099
426.7332	7659.3515
427.0204	7720.3785
427.3076	7745.4702
427.5948	7803.527
427.882	7798.2683
428.1692	7876.412
428.4563	7929.2217
428.7435	7894.9708
429.0307	7939.3222
429.3179	7982.7995
429.6051	8029.5697
429.8923	8041.9469
430.1795	8095.2096
430.4667	8104.4467
430.7539	8124.4789
431.0411	8174.6185
431.3283	8175.9779
431.6155	8210.1666
431.9026	8227.9248
432.1898	8263.2002
432.477	8260.8958
432.7642	8286.6194
433.0514	8308.1884
433.3386	8338.5023
433.6258	8394.1391
433.913	8408.9776
434.2002	8412.2896
434.4874	8429.4488
434.7746	8460.5633
435.0617	8472.9156
435.3489	8465.1054
435.6361	8501.0386
435.9233	8529.0392
436.2105	8529.7341
436.4977	8544.2846
436.7849	8532.7999
437.0721	8547.4019
437.3593	8592.2864
437.6465	8608.8548
437.9337	8586.8642
438.2209	8578.1042
438.508	8619.2427
438.7952	8625.5633
439.0824	8639.5811
439.3696	8678.4549
439.6568	8703.2497
439.944	8708.8002
440.2312	8751.8002
440.5184	8716.056
440.8056	8740.0018
441.0928	8722.4739
441.38	8770.7802
441.6671	8739.5962
441.9543	8737.4389
442.2415	8780.2975
442.5287	8842.0465
442.8159	8814.9431
443.1031	8841.3226
443.3903	8867.5828
443.6775	8852.0365
443.9647	8887.9917
444.2519	8934.6795
444.5391	8952.1851
444.8263	8950.3773
445.1134	8957.7481
445.4006	8983.5369
445.6878	8986.6202
445.975	9038.8535
446.2622	9055.1407
446.5494	9062.8806
446.8366	9082.7404
447.1238	9100.3253
447.411	9145.7782
447.6982	9185.6018
447.9854	9189.0501
448.2725	9190.8855
448.5597	9225.7748
448.8469	9253.6092
449.1341	9262.4676
449.4213	9307.1691
449.7085	9331.6388
449.9957	9372.1698
450.2829	9390.8378
450.5701	9408.598
450.8573	9405.8596
451.1445	9432.8897
451.4316	9487.3074
451.7188	9559.758
452.006	9540.0395
452.2932	9616.0736
452.5804	9641.9916
452.8676	9715.4058
453.1548	9685.6359
453.442	9744.714
453.7292	9764.9486
454.0164	9874.1771
454.3036	9847.4352
454.5908	9896.0611
454.8779	9904.8794
455.1651	9971.2598
455.4523	10018.933
455.7395	10063.253
456.0267	10088.356
456.3139	10125.214
456.6011	10147.864
456.8883	10203.367
457.1755	10241.466
457.4627	10326.904
457.7499	10339.74
458.037	10350.725
458.3242	10380.367
458.6114	10430.81
458.8986	10482.676
459.1858	10517.706
459.473	10551.385
459.7602	10621.959
460.0474	10683.763
460.3346	10685.275
460.6218	10696.407
460.909	10747.803
461.1962	10805.349
461.4833	10848.523
461.7705	10898.828
462.0577	10980.032
462.3449	11031.844
462.6321	11072.508
462.9193	11126.049
463.2065	11179.614
463.4937	11246.535
463.7809	11293.969
464.0681	11336.852
464.3553	11431.643
464.6424	11548.109
464.9296	11574.542
465.2168	11617.87
465.504	11698.968
465.7912	11767.859
466.0784	11779.751
466.3656	11928.318
466.6528	11988.563
466.94	12077.924
467.2272	12087.001
467.5144	12202.094
467.8015	12285.174
468.0887	12377.621
468.3759	12428.903
468.6631	12515.636
468.9503	12616.429
469.2375	12708.26
469.5247	12737.21
469.8119	12810.764
470.0991	12893.951
470.3863	12994.076
470.6735	13101.653
470.9607	13164.29
471.2478	13258.757
471.535	13387.823
471.8222	13465.574
472.1094	13533.241
472.3966	13607.268
472.6838	13712.116
472.971	13822.644
473.2582	13905.612
473.5454	14039.42
473.8326	14183.734
474.1198	14271.855
474.4069	14352.089
474.6941	14451.199
474.9813	14562.659
475.2685	14675.282
475.5557	14817.084
475.8429	14938.395
476.1301	15055.221
476.4173	15209.568
476.7045	15322.06
476.9917	15411.204
477.2789	15525.558
477.5661	15656.875
477.8532	15821.566
478.1404	15856.06
478.4276	16034.582
478.7148	16125.599
479.002	16319.393
479.2892	16473.974
479.5764	16585.491
479.8636	16717.853
480.1508	16801.983
480.438	17001.741
480.7252	17092.662
481.0123	17190.891
481.2995	17342.627
481.5867	17490.077
481.8739	17649.511
482.1611	17707.203
482.4483	17846.259
482.7355	18009.802
483.0227	18115.222
483.3099	18237.67
483.5971	18339.402
483.8843	18524.116
484.1714	18629.069
484.4586	18720.549
484.7458	18868.925
485.033	19067.206
485.3202	19179.169
485.6074	19315.642
485.8946	19449.545
486.1818	19557.971
486.469	19701.263
486.7562	19844.773
487.0434	19951.614
487.3306	20070.4
487.6177	20199.628
487.9049	20318.508
488.1921	20466.219
488.4793	20548.399
488.7665	20700.55
489.0537	20824.28
489.3409	20945.602
489.6281	21089.356
489.9153	21172.234
490.2025	21295.689
490.4897	21445.762
490.7768	21582.31
491.064	21666.777
491.3512	21730.168
491.6384	21886.288
491.9256	22000.94
492.2128	22116.82
492.5	22178.32
492.7872	22369.788
493.0744	22402.706
493.3616	22548.95
493.6488	22691.197
493.936	22827.547
494.2231	22902.682
494.5103	22966.282
494.7975	23130.175
495.0847	23254.943
495.3719	23280.835
495.6591	23457.749
495.9463	23535.7
496.2335	23616.814
496.5207	23736.638
496.8079	23846.582
497.0951	23915.938
497.3822	24051.24
497.6694	24113.579
497.9566	24296.777
498.2438	24345.073
498.531	24383.605
498.8182	24502.973
499.1054	24592.247
499.3926	24682.48
499.6798	24766.445
499.967	24830.521
500.2542	24953.001
500.5414	24997.18
500.8285	25036.153
501.1157	25107.892
501.4029	25187.038
501.6901	25253.454
501.9773	25287.842
502.2645	25363.74
502.5517	25410.062
502.8389	25496.652
503.1261	25591.129
503.4133	25614.196
503.7005	25703.191
503.9876	25741.246
504.2748	25800.827
504.562	25868.253
504.8492	25910.895
505.1364	26052.219
505.4236	26036.729
505.7108	26147.117
505.998	26123.799
506.2852	26172.762
506.5724	26283.299
506.8596	26296.169
507.1467	26314.202
507.4339	26441.731
507.7211	26502.762
508.0083	26570.734
508.2955	26586.762
508.5827	26627.322
508.8699	26649.374
509.1571	26606.689
509.4443	26713.76
509.7315	26825.638
510.0187	26818.646
510.3059	26800.113
510.593	26925.63
510.8802	26977.516
511.1674	27004.084
511.4546	26972.213
511.7418	27058.893
512.029	27039.035
512.3162	27097.863
512.6034	27088.136
512.8906	27108.941
513.1778	27150.403
513.465	27144.395
513.7521	27165.64
514.0393	27109.408
514.3265	27028.08
514.6137	26995.345
514.9009	27021.356
515.1881	26983.969
515.4753	26980.307
515.7625	26887.245
516.0497	26810.056
516.3369	26809.709
516.6241	26825.355
516.9113	26818.05
517.1984	26760.285
517.4856	26690.258
517.7728	26694.846
518.06	26686.617
518.3472	26697.59
518.6344	26710.502
518.9216	26591.156
519.2088	26631.32
519.496	26628.642
519.7832	26600.64
520.0704	26567.616
520.3575	26548.84
520.6447	26560.186
520.9319	26529.156
521.2191	26567.005
521.5063	26588.259
521.7935	26548.951
522.0807	26577.386
522.3679	26617.668
522.6551	26588.203
522.9423	26520.522
523.2295	26540.97
523.5166	26494.451
523.8038	26467.788
524.091	26472.5
524.3782	26423.993
524.6654	26504.57
524.9526	26540.28
525.2398	26451.363
525.527	26425.465
525.8142	26484.931
526.1014	26409.399
526.3886	26501.421
526.6758	26475.598
526.9629	26503.404
527.2501	26455.354
527.5373	26480.653
527.8245	26558.139
528.1117	26476.043
528.3989	26507.403
528.6861	26525.055
528.9733	26483.122
529.2605	26439.004
529.5477	26458.383
529.8349	26392.463
530.122	26399.514
530.4092	26441.392
530.6964	26543.985
530.9836	26577.512
531.2708	26587.324
531.558	26571.537
531.8452	26569.158
532.1324	26575.34
532.4196	26609.912
532.7068	26541.367
532.994	26560.645
533.2812	26550.949
533.5683	26574.625
533.8555	26621.882
534.1427	26660.953
534.4299	26648.791
534.7171	26688.371
535.0043	26713.797
535.2915	26671.74
535.5787	26729.772
535.8659	26743.172
536.1531	26695.3
536.4403	26699.506
536.7274	26789.64
537.0146	26838.159
537.3018	26782.747
537.589	26773.437
537.8762	26858.066
538.1634	26889.047
538.4506	26965.203
538.7378	26999.429
539.025	26954.659
539.3122	27001.175
539.5994	27033.891
539.8865	26965.813
540.1737	27024.451
540.4609	27048.783
540.7481	27089.534
541.0353	27065.792
541.3225	27110.803
541.6097	27103.065
541.8969	27141.766
542.1841	27194.554
542.4713	27268.118
542.7585	27228.667
543.0457	27278.378
543.3328	27236.525
543.62	27249.87
543.9072	27244.756
544.1944	27324.054
544.4816	27292.812
544.7688	27385.786
545.056	27332.329
545.3432	27471.803
545.6304	27437.808
545.9176	27429.619
546.2048	27520.224
546.4919	27578.074
546.7791	27601.955
547.0663	27701.216
547.3535	27702.61
547.6407	27753.509
547.9279	27739.229
548.2151	27846.963
548.5023	27887.718
548.7895	27956.58
549.0767	27977.336
549.3639	27954.69
549.6511	28073.749
549.9382	28160.668
550.2254	28230.68
550.5126	28245.775
550.7998	28296.071
551.087	28395.444
551.3742	28459.991
551.6614	28458.283
551.9486	28545.27
552.2358	28591.364
552.523	28687.76
552.8102	28776.18
553.0973	28819.588
553.3845	28872.433
553.6717	28933.484
553.9589	29071.071
554.2461	29175.161
554.5333	29199.343
554.8205	29252.381
555.1077	29291.019
555.3949	29378.246
555.6821	29542.859
555.9693	29644.144
556.2565	29723.391
556.5436	29727.249
556.8308	29756.929
557.118	29959.598
557.4052	30056.71
557.6924	30139.5
557.9796	30186.768
558.2668	30319.976
558.554	30335.127
558.8412	30403.55
559.1284	30504.83
559.4156	30659.711
559.7027	30730.167
559.9899	30905.359
560.2771	31012.365
560.5643	31091.301
560.8515	31121.749
561.1387	31246.815
561.4259	31397.477
561.7131	31558.552
562.0003	31580.953
562.2875	31714.53
562.5747	31824.716
562.8618	31917.028
563.149	32001.4
563.4362	32070.623
563.7234	32259.514
564.0106	32313.256
564.2978	32405.928
564.585	32652.192
564.8722	32697.202
565.1594	32941.42
565.4466	32853.577
565.7338	33148.757
566.021	33253.611
566.3081	33272.994
566.5953	33374.044
566.8825	33523.71
567.1697	33632.193
567.4569	33795.041
567.7441	33807.763
568.0313	34066.421
568.3185	34229.12
568.6057	34314.281
568.8929	34499.217
569.1801	34759.33
569.4672	34776.957
569.7544	34859.129
570.0416	34958.761
570.3288	35124.308
570.616	35238.099
570.9032	35509.498
571.1904	35637.166
571.4776	35672.827
571.7648	35703.819
572.052	35969.984
572.3392	36139.964
572.6264	36204.238
572.9135	36341.988
573.2007	36561.341
573.4879	36751.125
573.7751	36830.626
574.0623	36957.036
574.3495	37191.223
574.6367	37383.585
574.9239	37506.262
575.2111	37622.203
575.4983	37773.889
575.7855	37850.981
576.0726	38001.906
576.3598	38130.479
576.647	38263.998
576.9342	38520.409
577.2214	38630.179
577.5086	38731.876
577.7958	38888.275
578.083	39061.143
578.3702	39231.037
578.6574	39406.975
578.9446	39576.641
579.2317	39665.702
579.5189	39862.869
579.8061	40073.689
580.0933	40265.238
580.3805	40340.981
580.6677	40477.742
580.9549	40801.021
581.2421	40886.403
581.5293	41169.9
581.8165	41303.929
582.1037	41421.685
582.3909	41633.958
582.678	41814.747
582.9652	42036.452
583.2524	42206.775
583.5396	42433.907
583.8268	42747.25
584.114	42908.946
584.4012	43079.251
584.6884	43269.759
584.9756	43356.239
585.2628	43733.455
585.55	43893.558
585.8371	43981.021
586.1243	44091.184
586.4115	44235.126
586.6987	44601.369
586.9859	44703.804
587.2731	44847.623
587.5603	44936.061
587.8475	44865.961
588.1347	45018.322
588.4219	45314.292
588.7091	45380.765
588.9963	45506.525
589.2834	45521.887
589.5706	45744.429
589.8578	45829.803
590.145	45888.994
590.4322	46051.776
590.7194	46225.521
591.0066	46323.855
591.2938	46380.52
591.581	46435.508
591.8682	46632.286
592.1554	46801.86
592.4425	46959.725
592.7297	46999.107
593.0169	47137.222
593.3041	47395.822
593.5913	47414.245
593.8785	47420.872
594.1657	47649.435
594.4529	47709.18
594.7401	47848.213
595.0273	47761.741
595.3145	48075.408
595.6017	48018.087
595.8888	48204.488
596.176	48268.52
596.4632	48421.253
596.7504	48401.885
597.0376	48659.728
597.3248	48682.255
597.612	48888.399
597.8992	48853.196
598.1864	49068.377
598.4736	49203.356
598.7608	49311.354
599.0479	49246.476
599.3351	49432.755
599.6223	49476.163
599.9095	49513.476
600.1967	49658.173
600.4839	49733.394
600.7711	49664.513
601.0583	49732.29
601.3455	49777.148
601.6327	49864.929
601.9199	49813.554
602.207	49934.3
602.4942	49965.571
602.7814	50211.146
603.0686	50229.772
603.3558	50256.023
603.643	50383.588
603.9302	50505.555
604.2174	50646.415
604.5046	50514.953
604.7918	50467.354
605.079	50597.548
605.3662	50704.707
605.6533	50862.622
605.9405	50892.446
606.2277	50972.722
606.5149	51103.339
606.8021	51098.957
607.0893	51132.315
607.3765	51113.042
607.6637	51145.089
607.9509	51199.241
608.2381	51185.504
608.5253	51230.478
608.8124	51331.02
609.0996	51375.412
609.3868	51393.081
609.674	51462.951
609.9612	51564.335
610.2484	51614.822
610.5356	51508.441
610.8228	51522.978
611.11	51652.246
611.3972	51775.87
611.6844	51865.058
611.9716	51741.364
612.2587	51718.672
612.5459	51737.156
612.8331	51645.157
613.1203	51612.33
613.4075	51741.226
613.6947	51732.75
613.9819	51707.458
614.2691	51879.681
614.5563	51978.958
614.8435	51875.784
615.1307	51803.67
615.4178	51846.578
615.705	51957.085
615.9922	51891.559
616.2794	51834.894
616.5666	51965.549
616.8538	51939.234
617.141	51862.963
617.4282	52000.185
617.7154	51827.123
618.0026	51862.302
618.2898	51835.424
618.5769	51796.209
618.8641	51803.056
619.1513	51748.052
619.4385	51744.875
619.7257	51820.205
620.0129	51602.188
620.3001	51557.375
620.5873	51549.214
620.8745	51596.3
621.1617	51499.673
621.4489	51569.888
621.7361	51494.277
622.0232	51467.993
622.3104	51496.596
622.5976	51417.773
622.8848	51450.555
623.172	51344.997
623.4592	51288.268
623.7464	51228.282
624.0336	51199.419
624.3208	51144.082
624.608	51066.24
624.8952	51077.587
625.1823	50974.97
625.4695	50969.471
625.7567	51038.145
626.0439	50899.577
626.3311	50716.93
626.6183	50779.747
626.9055	50919.694
627.1927	50759.743
627.4799	50578.976
627.7671	50422.794
628.0543	50433.662
628.3415	50599.467
628.6286	50321.093
628.9158	50093.203
629.203	50178.156
629.4902	50072.828
629.7774	49960.712
630.0646	49953.759
630.3518	49776.774
630.639	49912.025
630.9262	49759.556
631.2134	49715.968
631.5006	49622.536
631.7877	49308.074
632.0749	49453.674
632.3621	49558.281
632.6493	49484.771
632.9365	49336.273
633.2237	49137.831
633.5109	49001.092
633.7981	48764.809
634.0853	48759.299
634.3725	48871.041
634.6597	48752.068
634.9468	48780.335
635.234	48713.032
635.5212	48539.882
635.8084	48493.975
636.0956	48396.236
636.3828	48451.877
636.67	48135.197
636.9572	48322.042
637.2444	48119.458
637.5316	48048.225
637.8188	47812.472
638.106	47838.122
638.3931	47861.742
638.6803	47588.98
638.9675	47650.283
639.2547	47426.465
639.5419	47208.267
639.8291	47261.04
640.1163	47327.947
640.4035	47150.29
640.6907	47068.173
640.9779	46990.948
641.2651	46833.994
641.5522	46772.058
641.8394	46646.812
642.1266	46505.276
642.4138	46426.838
642.701	46291.139
642.9882	46329.215
643.2754	46398.216
643.5626	46095.654
643.8498	46114.372
644.137	46075.798
644.4242	45815.416
644.7114	45685.958
644.9985	45721.802
645.2857	45642.338
645.5729	45564.701
645.8601	45410.732
646.1473	45244.168
646.4345	45184.644
646.7217	45202.435
647.0089	45023.045
647.2961	45022.723
647.5833	44917.002
647.8705	44942.657
648.1576	44858.345
648.4448	44643.828
648.732	44506.308
649.0192	44543.313
649.3064	44198.684
649.5936	44160.05
649.8808	44150.417
650.168	44194.961
650.4552	44001.217
650.7424	43836.279
651.0296	43910.336
651.3168	43832.559
651.6039	43631.114
651.8911	43640.877
652.1783	43478.907
652.4655	43325.095
652.7527	43292.481
653.0399	43176.471
653.3271	43129.434
653.6143	43048.871
653.9015	42935.26
654.1887	42848.794
654.4759	42700.388
654.763	42545.144
655.0502	42433.43
655.3374	42361.732
655.6246	42387.721
655.9118	42333.487
656.199	42152.797
656.4862	42076.649
656.7734	41993.643
657.0606	41939.636
657.3478	41808.452
657.635	41673.565
657.9221	41615.606
658.2093	41594.981
658.4965	41565.941
658.7837	41407.264
659.0709	41350.318
659.3581	41357.001
659.6453	41320.48
659.9325	41251.862
660.2197	41138.493
660.5069	41150.584
660.7941	41067.707
661.0813	41060.398
661.3684	41052.063
661.6556	40952.666
661.9428	40921.476
662.23	40889.678
662.5172	40827.033
662.8044	40713.094
663.0916	40605.158
663.3788	40660.502
663.666	40801.941
663.9532	40753.896
664.2404	40675.912
664.5275	40613.264
664.8147	40580.321
665.1019	40592.807
665.3891	40563.023
665.6763	40652.009
665.9635	40534.724
666.2507	40394.116
666.5379	40380.262
666.8251	40461.361
667.1123	40294.788
667.3995	40331.84
667.6867	40443.701
667.9738	40342.738
668.261	40254.184
668.5482	40170.74
668.8354	39996.181
669.1226	39936.621
669.4098	39812.342
669.697	39811.422
669.9842	39832.603
670.2714	39716.039
670.5586	39540.061
670.8458	39394.73
671.1329	39195.82
671.4201	39001.34
671.7073	38870.013
671.9945	38731.11
672.2817	38588.647
672.5689	38522.486
672.8561	38411.567
673.1433	38202.481
673.4305	38154.986
673.7177	38075.056
674.0049	37878.434
674.292	37717.226
674.5792	37543.6
674.8664	37429.27
675.1536	37288.311
675.4408	37219.837
675.728	37199.089
676.0152	37044.156
676.3024	36845.216
676.5896	36728.238
676.8768	36507.288
677.164	36463.322
677.4512	36484.581
677.7383	36374.789
678.0255	36220.631
678.3127	36218.713
678.5999	36144.139
678.8871	36147.763
679.1743	36042.507
679.4615	35865.4
679.7487	35620.68
680.0359	35517.641
680.3231	35335.42
680.6103	35219.731
680.8974	35094.061
681.1846	34928.905
681.4718	34783.819
681.759	34643.914
682.0462	34419.571
682.3334	34387.328
682.6206	34142.792
682.9078	33972.334
683.195	33839.338
683.4822	33767.172
683.7694	33634.125
684.0566	33491.368
684.3437	33296.489
684.6309	33072.319
684.9181	32966.9
685.2053	32805.479
685.4925	32697.968
685.7797	32629.06
686.0669	32433.211
686.3541	32275.579
686.6413	32309.066
686.9285	32154.688
687.2157	31997.376
687.5028	31893.465
687.79	31814.29
688.0772	31660.378
688.3644	31520.26
688.6516	31405.193
688.9388	31224.901
689.226	31196.037
689.5132	31170.141
689.8004	31035.518
690.0876	30867.044
690.3748	30626.589
690.6619	30479.054
690.9491	30434.39
691.2363	30356.452
691.5235	30265.864
691.8107	30124.659
692.0979	29968.431
692.3851	29788.218
692.6723	29652.981
692.9595	29618.423
693.2467	29419.566
693.5339	29320.04
693.8211	29158.121
694.1082	29148.074
694.3954	28985.909
694.6826	28854.299
694.9698	28740.412
695.257	28624.317
695.5442	28546.045
695.8314	28328.948
696.1186	28215.127
696.4058	28077.327
696.693	27933.973
696.9802	27760.528
697.2673	27700.012
697.5545	27694.533
697.8417	27526.259
698.1289	27378.504
698.4161	27180.675
698.7033	26987.377
698.9905	26900.374
699.2777	26817.178
699.5649	26689.182
699.8521	26557.922
700.1393	26383.776
700.4265	26275.061
700.7136	26181.61
701.0008	25977.062
701.288	25742.31
701.5752	25693.107
701.8624	25545.15
702.1496	25416.356
702.4368	25305.605
702.724	25194.938
703.0112	24965.327
703.2984	24820.546
703.5856	24737.706
703.8727	24562.085
704.1599	24448.643
704.4471	24230.755
704.7343	24202.258
705.0215	24021.823
705.3087	23878.972
705.5959	23720.58
705.8831	23535.858
706.1703	23379.509
706.4575	23238.81
706.7447	23204.549
707.0319	23057.501
707.319	22887.429
707.6062	22656.377
707.8934	22503.392
708.1806	22423.972
708.4678	22262.841
708.755	22119.1
709.0422	21962.623
709.3294	21820.115
709.6166	21652.931
709.9038	21501.116
710.191	21376.952
710.4781	21203.574
710.7653	21001.707
711.0525	20889.313
711.3397	20795.575
711.6269	20705.174
711.9141	20476.72
712.2013	20305.017
712.4885	20170.95
712.7757	20051.71
713.0629	19893.962
713.3501	19761.25
713.6372	19577.683
713.9244	19502.853
714.2116	19324.481
714.4988	19150.243
714.786	19071.359
715.0732	18853.266
715.3604	18743.695
715.6476	18588.269
715.9348	18440.328
716.222	18279.548
716.5092	18061.318
716.7964	18003.75
717.0835	17779.846
717.3707	17755.959
717.6579	17507.456
717.9451	17378.634
718.2323	17176.879
718.5195	17069.18
718.8067	16963.319
719.0939	16763.296
719.3811	16682.665
719.6683	16620.914
719.9555	16331.795
720.2426	16239.274
720.5298	16072.2
720.817	16031.41
721.1042	15831.142
721.3914	15682.829
721.6786	15522.45
721.9658	15438.734
722.253	15259.639
722.5402	15135.997
722.8274	14979.779
723.1146	14870.937
723.4018	14732.37
723.6889	14586.392
723.9761	14468.072
724.2633	14281.379
724.5505	14242.343
724.8377	14102.409
725.1249	13976.963
725.4121	13822.617
725.6993	13706.62
725.9865	13551.642
726.2737	13403.419
726.5609	13321.957
726.848	13166.298
727.1352	13066.901
727.4224	12930.331
727.7096	12801.479
727.9968	12679.253
728.284	12572.475
728.5712	12456.248
728.8584	12323.809
729.1456	12214.74
729.4328	12104.934
729.72	11997.714
730.0071	11886.928
730.2943	11726.859
730.5815	11600.835
730.8687	11522.896
731.1559	11378.941
731.4431	11283.348
731.7303	11169.691
732.0175	11065.554
732.3047	10948.158
732.5919	10833.43
732.8791	10701.366
733.1663	10607.122
733.4534	10510.339
733.7406	10414.735
734.0278	10324.964
734.315	10210.291
734.6022	10131.381
734.8894	10016.538
735.1766	9887.4965
735.4638	9778.4984
735.751	9638.2419
736.0382	9558.9419
736.3254	9478.8509
736.6125	9357.0629
736.8997	9277.9237
737.1869	9208.4037
737.4741	9107.6816
737.7613	9011.4295
738.0485	8927.4167
738.3357	8838.4595
738.6229	8732.1235
738.9101	8640.6032
739.1973	8557.9775
739.4845	8451.4639
739.7717	8367.3358
740.0588	8286.7324
740.346	8183.4061
740.6332	8095.1113
740.9204	8010.9627
741.2076	7917.6908
741.4948	7830.065
741.782	7740.2999
742.0692	7645.1745
742.3564	7580.1816
742.6436	7488.8738
742.9308	7395.8636
743.2179	7308.7602
743.5051	7217.6318
743.7923	7153.8145
744.0795	7084.9947
744.3667	7017.5475
744.6539	6946.8361
744.9411	6847.7309
745.2283	6767.3738
745.5155	6701.7701
745.8027	6637.8008
746.0899	6570.5159
746.377	6479.4209
746.6642	6403.1887
746.9514	6360.9568
747.2386	6289.4636
747.5258	6239.8514
747.813	6167.1763
748.1002	6088.4163
748.3874	6017.362
748.6746	5960.8013
748.9618	5921.4697
749.249	5856.9858
749.5362	5801.347
749.8233	5744.4224
750.1105	5680.0659
750.3977	5604.5531
750.6849	5582.7216
750.9721	5534.3584
751.2593	5479.7499
751.5465	5439.4925
751.8337	5379.6629
752.1209	5329.5913
752.4081	5289.5842
752.6953	5265.0013
752.9824	5201.1691
753.2696	5162.6354
753.5568	5138.1662
753.844	5105.8589
754.1312	5066.6884
754.4184	5030.749
754.7056	5008.1077
754.9928	4971.6877
755.28	4930.9751
755.5672	4912.3752
755.8544	4887.3761
756.1416	4872.6003
756.4287	4821.9168
756.7159	4803.8873
757.0031	4806.6844
757.2903	4794.68
757.5775	4783.9277
757.8647	4737.0416
758.1519	4735.4699
758.4391	4759.2424
758.7263	4722.391
759.0135	4717.838
759.3007	4715.3965
759.5878	4703.0033
759.875	4713.3391
760.1622	4689.834
760.4494	4678.8418
760.7366	4717.5952
761.0238	4718.8434
761.311	4725.8918
761.5982	4750.4955
761.8854	4759.4418
762.1726	4752.0419
762.4598	4780.4607
762.747	4777.2148
763.0341	4784.4984
763.3213	4806.1277
763.6085	4821.1251
763.8957	4858.2866
764.1829	4887.2595
764.4701	4896.8925
764.7573	4936.7848
765.0445	4956.7396
765.3317	4973.6861
765.6189	5008.6597
765.9061	5043.1192
766.1932	5077.979
766.4804	5096.9676
766.7676	5121.6892
767.0548	5164.1844
767.342	5207.5267
767.6292	5242.126
767.9164	5272.249
768.2036	5302.9882
768.4908	5339.3558
768.778	5379.4887
769.0652	5424.9442
769.3523	5472.4895
769.6395	5503.6311
769.9267	5548.8973
770.2139	5604.122
770.5011	5638.8098
770.7883	5683.0968
771.0755	5721.4849
771.3627	5781.749
771.6499	5834.1104
771.9371	5859.5932
772.2243	5903.0258
772.5115	5945.9141
772.7986	5971.212
773.0858	6036.8349
773.373	6064.5319
773.6602	6121.8818
773.9474	6166.3247
774.2346	6203.8031
774.5218	6273.4243
774.809	6312.7269
775.0962	6351.2408
775.3834	6407.4869
775.6706	6409.4217
775.9577	6459.9188
776.2449	6523.8103
776.5321	6586.5446
776.8193	6609.9481
777.1065	6652.8825
777.3937	6678.3432
777.6809	6735.1101
777.9681	6788.5102
778.2553	6819.2302
778.5425	6874.791
778.8297	6916.3889
779.1169	6966.1794
779.404	6990.5113
779.6912	7014.9467
779.9784	7062.7772
780.2656	7080.2737
780.5528	7132.5263
780.84	7214.1677
781.1272	7226.58
781.4144	7231.298
781.7016	7278.4357
781.9888	7292.1613
782.276	7347.403
782.5631	7364.4337
782.8503	7424.2621
783.1375	7443.3687
783.4247	7437.3838
783.7119	7472.4521
783.9991	7504.5776
784.2863	7534.2578
784.5735	7580.643
784.8607	7589.545
785.1479	7620.9306
785.4351	7634.6505
785.7222	7659.7966
786.0094	7678.2222
786.2966	7716.7661
786.5838	7733.8222
786.871	7759.8528
787.1582	7751.8603
787.4454	7763.3085
787.7326	7807.9483
788.0198	7847.6441
788.307	7857.3096
788.5942	7838.7435
788.8814	7852.4618
789.1685	7874.3034
789.4557	7918.7429
789.7429	7918.0504
790.0301	7894.241
790.3173	7905.0465
790.6045	7910.6413
790.8917	7911.5345
791.1789	7926.6319
791.4661	7923.832
791.7533	7917.8241
792.0405	7935.4411
792.3276	7963.5873
792.6148	7958.0369
792.902	7947.6739
793.1892	7936.8935
793.4764	7946.271
793.7636	7918.1885
794.0508	7928.914
794.338	7935.8758
794.6252	7930.5577
794.9124	7919.6664
795.1996	7928.6588
795.4868	7914.0025
795.7739	7909.4776
796.0611	7905.3616
796.3483	7918.9826
796.6355	7907.5538
796.9227	7898.5462
797.2099	7860.1239
797.4971	7857.4241
797.7843	7816.0452
798.0715	7829.6233
798.3587	7820.7874
798.6459	7818.2477
798.933	7735.276
799.2202	7798.6316
799.5074	7747.0817
799.7946	7750.6176
800.0818	7703.9488
800.369	7695.7039
800.6562	7698.2797
800.9434	7700.7383
801.2306	7666.4524
801.5178	7663.5
801.805	7599.2606
802.0922	7560.3966
802.3793	7568.6864
802.6665	7543.0398
802.9537	7490.7587
803.2409	7478.8872
803.5281	7416.4089
803.8153	7404.3316
804.1025	7344.9749
804.3897	7355.0141
804.6769	7314.6075
804.9641	7291.9472
805.2513	7280.322
805.5384	7226.5504
805.8256	7210.8636
806.1128	7177.6864
806.4	7151.1734
806.6872	7113.5873
806.9744	7065.5004
807.2616	7053.3583
807.5488	7015.1552
807.836	6989.9362
808.1232	6974.3749
808.4104	6938.4328
808.6975	6906.688
808.9847	6884.1909
809.2719	6870.8774
809.5591	6835.9735
809.8463	6803.1958
810.1335	6786.0374
810.4207	6761.1776
810.7079	6743.724
810.9951	6719.571
811.2823	6682.1793
811.5695	6676.4659
811.8567	6640.4611
812.1438	6612.2237
812.431	6558.2948
812.7182	6543.981
813.0054	6519.0832
813.2926	6508.1734
813.5798	6478.5358
813.867	6439.3831
814.1542	6408.6846
814.4414	6391.7754
814.7286	6313.7068
815.0158	6274.0785
815.3029	6227.2452
815.5901	6177.4022
815.8773	6135.9425
816.1645	6120.8103
816.4517	6083.0682
816.7389	6028.1108
817.0261	5992.6946
817.3133	5947.9676
817.6005	5888.0705
817.8877	5854.6799
818.1749	5810.6781
818.4621	5759.2837
818.7492	5696.2656
819.0364	5685.8355
819.3236	5625.2422
819.6108	5566.9877
819.898	5527.0203
820.1852	5479.5072
820.4724	5459.2872
820.7596	5384.0561
821.0468	5342.5798
821.334	5304.7991
821.6212	5245.7171
821.9083	5222.1743
822.1955	5167.6872
822.4827	5130.6316
822.7699	5087.6632
823.0571	5055.4417
823.3443	5026.8724
823.6315	4973.3372
823.9187	4925.6509
824.2059	4881.9332
824.4931	4831.9326
824.7803	4780.361
825.0674	4732.8274
825.3546	4688.669
825.6418	4658.5355
825.929	4631.0371
826.2162	4586.8874
826.5034	4545.0575
826.7906	4503.3738
827.0778	4453.7168
827.365	4432.2479
827.6522	4380.8341
827.9394	4338.5845
828.2266	4296.9176
828.5137	4256.867
828.8009	4220.6691
829.0881	4191.8759
829.3753	4142.5402
829.6625	4092.4001
829.9497	4069.8331
830.2369	4033.618
830.5241	3985.1722
830.8113	3967.1721
831.0985	3910.1127
831.3857	3864.1106
831.6728	3826.0023
831.96	3802.8025
832.2472	3760.0471
832.5344	3735.4415
832.8216	3679.0113
833.1088	3652.4998
833.396	3607.5526
833.6832	3571.7459
833.9704	3531.4126
834.2576	3468.9503
834.5448	3430.95
834.832	3421.2243
835.1191	3370.2228
835.4063	3351.7579
835.6935	3306.3307
835.9807	3269.281
836.2679	3223.8787
836.5551	3202.2155
836.8423	3168.9564
837.1295	3132.3657
837.4167	3092.7299
837.7039	3065.9273
837.9911	3030.8414
838.2782	2998.1388
838.5654	2959.1727
838.8526	2915.3422
839.1398	2881.4765
839.427	2845.0736
839.7142	2808.8602
840.0014	2790.075
840.2886	2755.6741
840.5758	2720.9469
840.863	2689.6375
841.1502	2662.0676
841.4373	2627.1271
841.7245	2579.8772
842.0117	2557.9294
842.2989	2527.0354
842.5861	2501.9728
842.8733	2459.6026
843.1605	2421.716
843.4477	2407.7545
843.7349	2371.8219
844.0221	2328.5418
844.3093	2310.083
844.5965	2267.85
844.8836	2252.4655
845.1708	2215.6011
845.458	2184.5803
845.7452	2147.2761
846.0324	2130.6561
846.3196	2095.4755
846.6068	2071.4577
846.894	2029.5194
847.1812	2015.4383
847.4684	1988.6646
847.7556	1965.0587
848.0427	1936.5091
848.3299	1900.1522
848.6171	1880.2285
848.9043	1853.654
849.1915	1825.1793
849.4787	1791.8689
849.7659	1761.2434
850.0531	1743.1889
850.3403	1713.3724
850.6275	1686.8958
850.9147	1661.6817
851.2019	1636.269
851.489	1605.4477
851.7762	1576.4808
852.0634	1555.6691
852.3506	1539.2105
852.6378	1512.8631
852.925	1484.2005
853.2122	1464.5405
853.4994	1443.418
853.7866	1423.6998
854.0738	1398.7096
854.361	1381.1778
854.6481	1353.8007
854.9353	1337.3521
855.2225	1318.4198
855.5097	1289.4405
855.7969	1266.6476
856.0841	1239.842
856.3713	1220.7582
856.6585	1214.2411
856.9457	1191.9901
857.2329	1171.7566
857.5201	1143.4773
857.8073	1123.2512
858.0944	1113.9373
858.3816	1079.7098
858.6688	1072.6113
858.956	1052.7757
859.2432	1033.4502
859.5304	1016.4478
859.8176	1003.904
860.1048	985.34768
860.392	961.12362
860.6792	946.49429
860.9664	926.85551
861.2535	914.61765
861.5407	900.32857
861.8279	894.48267
862.1151	873.39794
862.4023	856.65601
862.6895	847.5555
862.9767	829.76349
863.2639	817.5262
863.5511	801.36062
863.8383	786.83924
864.1255	774.56777
864.4126	756.34503
864.6998	744.60277
864.987	734.04229
865.2742	717.41415
865.5614	705.07265
865.8486	695.88747
866.1358	691.15002
866.423	685.39998
866.7102	670.28158
866.9974	658.65577
867.2846	642.41266
867.5718	633.03116
867.8589	626.68482
868.1461	620.62425
868.4333	617.99547
868.7205	591.97783
869.0077	582.58424
869.2949	573.99506
869.5821	587.06978
869.8693	566.07749
870.1565	567.8879
870.4437	557.63649
870.7309	546.77159
871.018	540.16777
871.3052	537.87952
871.5924	531.14493
871.8796	526.32368
872.1668	515.60253
872.454	520.04041
872.7412	522.41798
873.0284	514.18275
873.3156	504.53802
873.6028	501.87927
873.89	494.95255
874.1772	496.13046
874.4643	488.27369
874.7515	482.49538
875.0387	481.6924
875.3259	479.32145
875.6131	475.69747
875.9003	471.62672
876.1875	467.70172
876.4747	461.46185
876.7619	460.53173
877.0491	457.28959
877.3363	467.35134
877.6234	460.20335
877.9106	461.17611
878.1978	463.75197
878.485	470.52223
878.7722	463.71036
879.0594	467.43608
879.3466	456.6842
879.6338	476.20908
879.921	469.77549
880.2082	476.23575
880.4954	474.17746
880.7825	480.27757
881.0697	482.23221
881.3569	473.52949
881.6441	479.00383
881.9313	484.28152
882.2185	490.45126
882.5057	494.6189
882.7929	496.2548
883.0801	497.88009
883.3673	498.53285
883.6545	507.54427
883.9417	515.37549
884.2288	514.79899
884.516	518.14571
884.8032	523.43425
885.0904	531.00311
885.3776	539.99622
885.6648	545.57902
885.952	554.23128
886.2392	562.40091
886.5264	560.09584
886.8136	561.97051
887.1008	565.82184
887.3879	578.50128
887.6751	581.2429
887.9623	594.30152
888.2495	587.99163
888.5367	601.33759
888.8239	608.01261
889.1111	612.5968
889.3983	620.65132
889.6855	630.36794
889.9727	633.36735
890.2599	634.83164
890.5471	638.49075
890.8342	647.93233
891.1214	655.11581
891.4086	664.12817
891.6958	664.13974
891.983	665.28123
892.2702	676.94937
892.5574	671.96451
892.8446	679.76193
893.1318	685.37135
893.419	693.60056
893.7062	696.11556
893.9933	696.09083
894.2805	699.15321
894.5677	704.60247
894.8549	710.27057
895.1421	714.7078
895.4293	719.35671
895.7165	718.36731
896.0037	718.79544
896.2909	717.23685
896.5781	723.94357
896.8653	732.40319
897.1524	733.15811
897.4396	737.16677
897.7268	736.72272
898.014	744.15491
898.3012	743.39833
898.5884	750.4712
898.8756	755.33986
899.1628	769.14159
899.45	765.01347
899.7372	778.97715
900.0244	776.38135
900.3116	774.47805
900.5987	785.59811
900.8859	787.0244
901.1731	787.59923
901.4603	800.21349
901.7475	797.69353
902.0347	796.81321
902.3219	807.90871
902.6091	811.72649
902.8963	812.03801
903.1835	811.74944
903.4707	811.08086
903.7578	827.88123
904.045	832.2831
904.3322	832.80158
904.6194	838.06234
904.9066	842.86888
905.1938	844.96492
905.481	848.62661
905.7682	850.09329
906.0554	859.54983
906.3426	859.38563
906.6298	854.39407
906.917	861.53125
907.2041	865.17833
907.4913	866.86737
907.7785	869.54274
908.0657	877.7607
908.3529	880.25089
908.6401	887.96827
908.9273	885.40469
909.2145	886.87564
909.5017	885.3486
909.7889	892.22975
910.0761	890.89055
910.3632	902.8061
910.6504	905.3549
910.9376	896.33608
911.2248	894.3795
911.512	898.75377
911.7992	894.52988
912.0864	900.47149
912.3736	902.74896
912.6608	912.98646
912.948	913.89571
913.2352	917.40879
913.5224	920.65407
913.8095	917.56273
914.0967	912.73519
914.3839	913.3213
914.6711	918.68231
914.9583	913.90197
915.2455	919.0734
915.5327	919.05697
915.8199	925.98218
916.1071	920.07672
916.3943	928.59815
916.6815	926.10772
916.9686	924.44423
917.2558	923.92628
917.543	917.36833
917.8302	918.01572
918.1174	917.96418
918.4046	931.96738
918.6918	928.93142
918.979	925.59162
919.2662	924.35952
919.5534	927.62717
919.8406	924.55716
920.1277	926.71193
920.4149	926.85678
920.7021	929.37581
920.9893	928.57356
921.2765	923.93489
921.5637	921.99325
921.8509	918.2373
922.1381	917.15687
922.4253	916.74359
922.7125	919.9526
922.9997	910.53864
923.2869	915.31171
923.574	925.78525
923.8612	913.1926
924.1484	904.7631
924.4356	911.84367
924.7228	900.22002
925.01	902.64138
925.2972	903.1521
925.5844	900.97576
925.8716	897.94459
926.1588	897.64131
926.446	891.74354
926.7331	890.5178
927.0203	890.92107
927.3075	886.03693
927.5947	889.98815
927.8819	884.40151
928.1691	893.94198
928.4563	878.81752
928.7435	877.49329
929.0307	874.42784
929.3179	871.15909
929.6051	870.4398
929.8923	865.4572
930.1794	861.57438
930.4666	858.78776
930.7538	852.61874
931.041	850.48139
931.3282	849.62202
931.6154	842.33112
931.9026	842.95686
932.1898	837.18864
932.477	837.04703
932.7642	829.26918
933.0514	827.89567
933.3385	821.17354
933.6257	814.54995
933.9129	811.51329
934.2001	818.00314
934.4873	804.66302
934.7745	806.09438
935.0617	798.00592
935.3489	798.25367
935.6361	799.07844
935.9233	801.54734
936.2105	791.12577
936.4976	787.56273
936.7848	783.30185
937.072	780.08754
937.3592	776.79702
937.6464	769.9733
937.9336	761.36664
938.2208	764.29802
938.508	760.46257
938.7952	754.47874
939.0824	751.38291
939.3696	745.96912
939.6568	748.58408
939.9439	743.86143
940.2311	738.25811
940.5183	727.78478
940.8055	723.94234
941.0927	718.93871
941.3799	718.94603
941.6671	719.77591
941.9543	714.67649
942.2415	693.24507
942.5287	702.40029
942.8159	702.50682
943.103	687.57982
943.3902	681.04244
943.6774	683.76621
943.9646	676.30539
944.2518	675.10421
944.539	662.05766
944.8262	653.65554
945.1134	652.52066
945.4006	648.54067
945.6878	643.02681
945.975	640.3352
946.2622	634.00913
946.5493	631.52339
946.8365	625.05867
947.1237	626.53954
947.4109	619.69136
947.6981	618.91582
947.9853	616.03138
948.2725	600.91842
948.5597	606.30072
948.8469	591.63846
949.1341	584.67821
949.4213	578.77642
949.7084	582.59998
949.9956	568.83249
950.2828	565.5922
950.57	570.26056
950.8572	562.34207
951.1444	547.66167
951.4316	546.73575
951.7188	535.00419
952.006	540.17791
952.2932	535.42784
952.5804	534.34534
952.8676	533.09407
953.1547	525.62743
953.4419	514.80967
953.7291	514.50269
954.0163	510.25601
954.3035	500.51401
954.5907	502.65287
954.8779	499.73132
955.1651	491.61308
955.4523	487.30468
955.7395	477.69589
956.0267	471.13669
956.3138	470.9702
956.601	465.45111
956.8882	460.47671
957.1754	451.53297
957.4626	448.45415
957.7498	440.20349
958.037	448.26713
958.3242	431.45883
958.6114	428.91991
958.8986	419.5404
959.1858	414.63078
959.4729	408.50807
959.7601	405.45283
960.0473	405.96808
960.3345	399.67685
960.6217	394.23817
960.9089	396.40846
961.1961	391.4851
961.4833	386.2431
961.7705	380.27
962.0577	376.18396
962.3449	369.6554
962.6321	365.48472
962.9192	358.21777
963.2064	353.25862
963.4936	357.33819
963.7808	352.30956
964.068	343.47703
964.3552	344.65661
964.6424	335.14582
964.9296	337.42715
965.2168	333.15563
965.504	321.95727
965.7912	322.87005
966.0783	316.59673
966.3655	317.19126
966.6527	307.07569
966.9399	304.55993
967.2271	302.47774
967.5143	296.71894
967.8015	294.09569
968.0887	291.94891
968.3759	287.46863
968.6631	280.07179
968.9503	273.25132
969.2375	271.24522
969.5246	262.05234
969.8118	266.61861
970.099	261.3189
970.3862	256.25219
970.6734	253.37418
970.9606	251.1887
971.2478	243.91184
971.535	238.44845
971.8222	240.04843
972.1094	236.8256
972.3966	231.51151
972.6837	230.78899
972.9709	224.98152
973.2581	225.40646
973.5453	222.47814
973.8325	218.13397
974.1197	213.0108
974.4069	209.42636
974.6941	204.93329
974.9813	201.72713
975.2685	201.79088
975.5557	199.23645
975.8428	202.25407
976.13	196.89637
976.4172	187.21616
976.7044	186.04506
976.9916	185.07154
977.2788	185.89046
977.566	178.01213
977.8532	179.6454
978.1404	174.42908
978.4276	172.0066
978.7148	172.5064
979.002	168.74859
979.2891	162.03387
979.5763	162.66524
979.8635	160.50219
980.1507	155.11148
980.4379	154.26158
980.7251	157.53231
981.0123	150.42198
981.2995	143.60266
981.5867	141.78959
981.8739	143.87288
982.1611	148.01508
982.4482	140.28093
982.7354	135.18554
983.0226	137.42302
983.3098	135.60369
983.597	129.95043
983.8842	129.43774
984.1714	127.68509
984.4586	125.58279
984.7458	123.62073
985.033	123.85093
985.3202	124.81851
985.6074	114.43108
985.8945	112.0618
986.1817	117.73396
986.4689	113.04836
986.7561	110.64698
987.0433	108.90147
987.3305	105.99225
987.6177	107.3732
987.9049	104.89823
988.1921	99.45008
988.4793	98.535001
988.7665	101.03767
989.0536	102.49134
989.3408	100.15247
989.628	95.891629
989.9152	91.21742
990.2024	96.110762
990.4896	100.31392
990.7768	86.953874
991.064	86.275505
991.3512	85.818391
991.6384	87.900626
991.9256	92.133634
992.2127	87.302
992.4999	83.303067
992.7871	84.169981
993.0743	85.179497
993.3615	82.259133
993.6487	80.932373
993.9359	80.571719
994.2231	82.0759
994.5103	86.397946
994.7975	84.295234
995.0847	83.42196
995.3719	75.606581
995.659	79.171546
995.9462	78.726418
996.2334	68.197777
996.5206	76.609268
996.8078	71.725321
997.095	72.962927
997.3822	77.869497
997.6694	76.409405
997.9566	67.307463
998.2438	73.194985
998.531	70.176041
998.8181	76.626396
999.1053	76.299114
999.3925	68.810476
999.6797	70.174501
999.9669	72.270934
1000.2541	71.627102
1000.5413	73.823828
1000.8285	73.459031
1001.1157	75.371509
1001.4029	71.059363
1001.6901	68.017975
1001.9773	68.458919
1002.2644	70.222223
1002.5516	71.561853
1002.8388	70.938725
1003.126	69.279545
1003.4132	70.109049
1003.7004	64.725436
1003.9876	71.351189
1004.2748	71.110817
1004.562	69.832209
1004.8492	70.43114
1005.1364	69.550024
1005.4235	64.488513
1005.7107	71.261377
1005.9979	74.982378
1006.2851	68.582546
1006.5723	72.195824
1006.8595	73.196928
1007.1467	69.356445
1007.4339	74.065467
1007.7211	74.803929
1008.0083	67.227233
1008.2955	71.374594
1008.5827	68.235531
1008.8698	72.274995
1009.157	75.079902
1009.4442	73.487748
1009.7314	77.841055
1010.0186	74.459567
1010.3058	76.008336
1010.593	82.861715
1010.8802	79.719846
1011.1674	75.946901
1011.4546	75.577681
1011.7418	77.998626
1012.0289	76.633574
1012.3161	76.253428
1012.6033	82.010707
1012.8905	80.512232
1013.1777	82.785821
1013.4649	83.750721
1013.7521	81.212996
1014.0393	81.101947
1014.3265	79.339062
1014.6137	76.183743
1014.9009	85.081148
1015.188	82.082127
1015.4752	86.397897
1015.7624	81.090514
1016.0496	86.96184
1016.3368	75.947244
1016.624	84.249805
1016.9112	83.286982
1017.1984	86.817522
1017.4856	84.242687
1017.7728	87.245888
1018.06	91.297508
1018.3472	90.007748
1018.6343	86.920301
1018.9215	83.284585
1019.2087	80.815486
1019.4959	85.637984
1019.7831	85.617674
1020.0703	83.475548
1020.3575	88.311738
1020.6447	89.649948
1020.9319	84.868755
1021.2191	87.645061
1021.5063	87.66077
1021.7934	88.906871
1022.0806	87.319151
1022.3678	89.417165
1022.655	91.968439
1022.9422	89.955841
1023.2294	88.449816
1023.5166	91.55123
1023.8038	88.558159
1024.091	88.826234
1024.3782	91.532347
1024.6654	88.527643
1024.9526	94.266034
1025.2397	91.78066
1025.5269	96.244648
1025.8141	90.558909
1026.1013	97.240638
1026.3885	92.915399
1026.6757	88.196736
1026.9629	89.998283
1027.2501	101.11875
1027.5373	96.450466
1027.8245	90.421166
1028.1117	102.01896
1028.3988	95.744537
1028.686	92.832136
1028.9732	94.523975
1029.2604	93.718057
1029.5476	96.124848
1029.8348	101.73634
1030.122	102.16323
1030.4092	102.21432
1030.6964	103.75549
1030.9836	96.635788
1031.2708	96.380642
1031.5579	104.20692
1031.8451	94.616821
1032.1323	100.36474
1032.4195	100.37212
1032.7067	101.80647
1032.9939	99.071717
1033.2811	97.853325
1033.5683	91.820569
1033.8555	95.196661
1034.1427	102.29519
1034.4299	96.401724
1034.7171	96.374289
1035.0042	96.359683
1035.2914	93.105728
1035.5786	97.680287
1035.8658	96.955197
1036.153	96.604605
1036.4402	100.93147
1036.7274	98.387569
1037.0146	95.522083
1037.3018	91.808025
1037.589	103.58177
1037.8762	98.060983
1038.1633	104.98478
1038.4505	107.38891
1038.7377	101.06639
1039.0249	102.97785
1039.3121	100.62839
1039.5993	98.145821
1039.8865	97.13092
1040.1737	102.8849
1040.4609	106.23301
1040.7481	103.06646
1041.0353	98.516197
1041.3225	95.676546
1041.6096	97.787257
1041.8968	94.785054
1042.184	91.5975
1042.4712	96.538996
1042.7584	94.916155
1043.0456	97.095286
1043.3328	92.632867
1043.62	99.168025
1043.9072	99.659728
1044.1944	97.384107
1044.4816	89.92007
1044.7687	92.699117
1045.0559	95.715055
1045.3431	98.003821
1045.6303	97.726029
1045.9175	92.658417
1046.2047	94.842576
1046.4919	94.942756
1046.7791	92.799291
1047.0663	95.158541
1047.3535	92.918765
1047.6407	92.314777
1047.9278	93.416736
1048.215	96.701298
1048.5022	90.06763
1048.7894	91.307373
1049.0766	85.216428
1049.3638	86.446963
1049.651	85.92287
1049.9382	87.914942
1050.2254	85.180136
1050.5126	88.0
1050.7998	94.027128
1051.087	91.273647
1051.3741	90.477947
1051.6613	89.306101
1051.9485	91.174701
1052.2357	86.279365
1052.5229	85.336942
1052.8101	88.208915
1053.0973	90.489347
1053.3845	85.868723
1053.6717	86.587178
1053.9589	80.531471
1054.2461	87.854694
1054.5332	82.859076
1054.8204	83.278246
1055.1076	86.72341
1055.3948	86.756405
1055.682	82.170111
1055.9692	82.293028
1056.2564	80.810051
1056.5436	81.872843
1056.8308	75.168553
1057.118	83.056273
1057.4052	83.694291
1057.6924	80.393166
1057.9795	84.393022
1058.2667	71.814086
1058.5539	77.93195
1058.8411	80.854579
1059.1283	77.819451
1059.4155	75.506694
1059.7027	79.930394
1059.9899	79.44596
1060.2771	76.771559
1060.5643	69.660691
1060.8515	71.763823
1061.1386	74.15147
1061.4258	71.83106
1061.713	74.739341
1062.0002	76.355008
1062.2874	74.488599
1062.5746	75.895135
1062.8618	77.466785
1063.149	65.619118
1063.4362	77.147306
1063.7234	73.194143
1064.0106	72.194556
1064.2978	69.104745
1064.5849	70.438915
1064.8721	67.044489
1065.1593	67.477204
1065.4465	67.422998
1065.7337	69.185475
1066.0209	64.831685
1066.3081	61.017015
1066.5953	59.720901
1066.8825	67.951276
1067.1697	70.033302
1067.4569	60.241532
1067.744	61.660793
1068.0312	64.159156
1068.3184	62.25471
1068.6056	58.218791
1068.8928	63.80406
1069.18	60.535804
1069.4672	64.73497
1069.7544	64.277067
1070.0416	62.584124
1070.3288	63.082809
1070.616	62.810376
1070.9031	62.956043
1071.1903	62.501995
1071.4775	60.452334
1071.7647	54.696095
1072.0519	57.861542
1072.3391	62.008115
1072.6263	56.623034
1072.9135	57.951092
1073.2007	57.434239
1073.4879	55.524166
1073.7751	47.696961
1074.0623	55.124027
1074.3494	53.250686
1074.6366	52.401287
1074.9238	54.534052
1075.211	56.98599
1075.4982	56.015739
1075.7854	52.114129
1076.0726	50.450115
1076.3598	54.143527
1076.647	52.105988
1076.9342	53.337265
1077.2214	52.390749
1077.5085	48.371023
1077.7957	50.738426
1078.0829	55.042311
1078.3701	50.485752
1078.6573	48.400467
1078.9445	50.165256
1079.2317	50.695719
1079.5189	48.221899
1079.8061	46.303261
1080.0933	48.383712
1080.3805	47.27765
1080.6677	44.366871
1080.9548	46.673762
1081.242	44.053169
1081.5292	44.626935
1081.8164	44.526157
1082.1036	52.669562
1082.3908	42.976741
1082.678	42.808262
1082.9652	46.382534
1083.2524	44.701438
1083.5396	40.721318
1083.8268	44.972793
1084.1139	41.231507
1084.4011	40.326217
1084.6883	43.398969
1084.9755	42.296349
1085.2627	41.572079
1085.5499	40.733164
1085.8371	39.533259
1086.1243	38.313545
1086.4115	38.69517
1086.6987	41.423756
1086.9859	42.13352
1087.273	39.95044
1087.5602	38.513712
1087.8474	37.944837
1088.1346	39.704534
1088.4218	37.15396
1088.709	36.823139
1088.9962	38.871524
1089.2834	36.513975
1089.5706	32.958652
1089.8578	32.1565
1090.145	28.797441
1090.4322	33.7259
1090.7193	39.342444
1091.0065	33.450745
1091.2937	28.735426
1091.5809	28.596304
1091.8681	36.379042
1092.1553	33.483627
1092.4425	34.284555
1092.7297	35.678968
1093.0169	35.110138
1093.3041	32.948026
1093.5913	34.584699
1093.8784	28.234275
1094.1656	21.574682
1094.4528	27.228321
1094.74	30.522819
1095.0272	24.873109
1095.3144	32.905132
1095.6016	32.289837
1095.8888	31.185549
1096.176	25.712207
1096.4632	27.597587
1096.7504	26.170789
1097.0376	25.735183
1097.3247	31.419957
1097.6119	26.863315
1097.8991	26.464704
1098.1863	26.608971
1098.4735	25.556855
1098.7607	28.338866
1099.0479	28.35639
1099.3351	25.304382
1099.6223	27.309678
1099.9095	23.036972
1100.1967	25.190033
